102 4199
2 48 2147483647 42
1 48 1 42
2 85 2147483647 50
1 85 1 50
2 22 2147483647 83
1 22 1 83
2 95 2147483647 97
1 95 1 97
2 82 2147483647 34
1 82 1 34
2 25 2147483647 72
1 25 1 72
2 4 2147483647 17
1 4 1 17
2 47 2147483647 10
1 47 1 10
2 71 2147483647 12
1 71 1 12
2 68 2147483647 39
1 68 1 39
2 24 2147483647 70
1 24 1 70
2 55 2147483647 92
1 55 1 92
2 15 2147483647 59
1 15 1 59
2 18 2147483647 78
1 18 1 78
2 35 2147483647 4
1 35 1 4
2 30 2147483647 57
1 30 1 57
2 21 2147483647 83
1 21 1 83
2 5 2147483647 54
1 5 1 54
2 56 2147483647 97
1 56 1 97
2 58 2147483647 6
1 58 1 6
2 49 2147483647 100
1 49 1 100
2 36 2147483647 16
1 36 1 16
2 67 2147483647 47
1 67 1 47
2 88 2147483647 51
1 88 1 51
2 50 2147483647 68
1 50 1 68
2 97 2147483647 54
1 97 1 54
2 20 2147483647 4
1 20 1 4
2 28 2147483647 42
1 28 1 42
2 79 2147483647 77
1 79 1 77
2 32 2147483647 84
1 32 1 84
2 102 30 0
3 88 2147483647 83
1 88 1 83
3 30 2147483647 65
1 30 1 65
3 63 2147483647 52
1 63 1 52
3 49 2147483647 97
1 49 1 97
3 98 2147483647 81
1 98 1 81
3 9 2147483647 74
1 9 1 74
3 27 2147483647 70
1 27 1 70
3 8 2147483647 46
1 8 1 46
3 75 2147483647 7
1 75 1 7
3 40 2147483647 74
1 40 1 74
3 65 2147483647 52
1 65 1 52
3 84 2147483647 20
1 84 1 20
3 28 2147483647 86
1 28 1 86
3 73 2147483647 66
1 73 1 66
3 36 2147483647 10
1 36 1 10
3 92 2147483647 63
1 92 1 63
3 70 2147483647 52
1 70 1 52
3 100 2147483647 57
1 100 1 57
3 96 2147483647 45
1 96 1 45
3 20 2147483647 34
1 20 1 34
3 10 2147483647 79
1 10 1 79
3 14 2147483647 39
1 14 1 39
3 86 2147483647 33
1 86 1 33
3 50 2147483647 9
1 50 1 9
3 25 2147483647 70
1 25 1 70
3 102 25 0
3 2 2147483647 0
4 57 2147483647 81
1 57 1 81
4 3 2147483647 15
1 3 1 15
4 62 2147483647 2
1 62 1 2
4 65 2147483647 95
1 65 1 95
4 55 2147483647 31
1 55 1 31
4 33 2147483647 81
1 33 1 81
4 30 2147483647 43
1 30 1 43
4 21 2147483647 17
1 21 1 17
4 64 2147483647 94
1 64 1 94
4 39 2147483647 67
1 39 1 67
4 41 2147483647 61
1 41 1 61
4 79 2147483647 48
1 79 1 48
4 90 2147483647 7
1 90 1 7
4 49 2147483647 30
1 49 1 30
4 97 2147483647 96
1 97 1 96
4 78 2147483647 3
1 78 1 3
4 9 2147483647 9
1 9 1 9
4 80 2147483647 35
1 80 1 35
4 101 2147483647 3
1 101 1 3
4 6 2147483647 7
1 6 1 7
4 63 2147483647 43
1 63 1 43
4 40 2147483647 7
1 40 1 7
4 27 2147483647 80
1 27 1 80
4 88 2147483647 19
1 88 1 19
4 29 2147483647 4
1 29 1 4
4 66 2147483647 26
1 66 1 26
4 32 2147483647 44
1 32 1 44
4 83 2147483647 74
1 83 1 74
4 12 2147483647 30
1 12 1 30
4 14 2147483647 8
1 14 1 8
4 102 30 0
4 2 2147483647 0
5 98 2147483647 70
1 98 1 70
5 29 2147483647 51
1 29 1 51
5 36 2147483647 65
1 36 1 65
5 77 2147483647 75
1 77 1 75
5 10 2147483647 13
1 10 1 13
5 82 2147483647 85
1 82 1 85
5 92 2147483647 23
1 92 1 23
5 9 2147483647 12
1 9 1 12
5 84 2147483647 90
1 84 1 90
5 21 2147483647 86
1 21 1 86
5 51 2147483647 90
1 51 1 90
5 63 2147483647 1
1 63 1 1
5 70 2147483647 38
1 70 1 38
5 79 2147483647 66
1 79 1 66
5 49 2147483647 33
1 49 1 33
5 101 2147483647 29
1 101 1 29
5 8 2147483647 38
1 8 1 38
5 58 2147483647 70
1 58 1 70
5 102 18 0
5 2 2147483647 0
6 3 2147483647 97
1 3 1 97
6 73 2147483647 32
1 73 1 32
6 40 2147483647 17
1 40 1 17
6 12 2147483647 59
1 12 1 59
6 49 2147483647 22
1 49 1 22
6 91 2147483647 16
1 91 1 16
6 28 2147483647 97
1 28 1 97
6 92 2147483647 40
1 92 1 40
6 35 2147483647 95
1 35 1 95
6 7 2147483647 26
1 7 1 26
6 8 2147483647 27
1 8 1 27
6 21 2147483647 82
1 21 1 82
6 46 2147483647 76
1 46 1 76
6 15 2147483647 19
1 15 1 19
6 77 2147483647 6
1 77 1 6
6 29 2147483647 45
1 29 1 45
6 96 2147483647 9
1 96 1 9
6 89 2147483647 31
1 89 1 31
6 84 2147483647 53
1 84 1 53
6 98 2147483647 62
1 98 1 62
6 59 2147483647 32
1 59 1 32
6 25 2147483647 25
1 25 1 25
6 102 22 0
6 2 2147483647 0
7 44 2147483647 59
1 44 1 59
7 49 2147483647 45
1 49 1 45
7 58 2147483647 19
1 58 1 19
7 97 2147483647 24
1 97 1 24
7 96 2147483647 5
1 96 1 5
7 30 2147483647 65
1 30 1 65
7 13 2147483647 16
1 13 1 16
7 12 2147483647 6
1 12 1 6
7 65 2147483647 34
1 65 1 34
7 57 2147483647 21
1 57 1 21
7 84 2147483647 85
1 84 1 85
7 75 2147483647 5
1 75 1 5
7 101 2147483647 65
1 101 1 65
7 27 2147483647 74
1 27 1 74
7 21 2147483647 39
1 21 1 39
7 8 2147483647 23
1 8 1 23
7 51 2147483647 19
1 51 1 19
7 10 2147483647 7
1 10 1 7
7 77 2147483647 25
1 77 1 25
7 25 2147483647 89
1 25 1 89
7 86 2147483647 99
1 86 1 99
7 9 2147483647 91
1 9 1 91
7 28 2147483647 74
1 28 1 74
7 59 2147483647 84
1 59 1 84
7 66 2147483647 7
1 66 1 7
7 45 2147483647 29
1 45 1 29
7 88 2147483647 95
1 88 1 95
7 15 2147483647 1
1 15 1 1
7 35 2147483647 36
1 35 1 36
7 92 2147483647 82
1 92 1 82
7 102 30 0
7 2 2147483647 0
8 102 0 0
8 2 2147483647 0
9 8 2147483647 64
1 8 1 64
9 65 2147483647 44
1 65 1 44
9 32 2147483647 2
1 32 1 2
9 79 2147483647 20
1 79 1 20
9 20 2147483647 60
1 20 1 60
9 46 2147483647 36
1 46 1 36
9 102 6 0
9 2 2147483647 0
10 20 2147483647 73
1 20 1 73
10 65 2147483647 36
1 65 1 36
10 36 2147483647 45
1 36 1 45
10 79 2147483647 97
1 79 1 97
10 49 2147483647 36
1 49 1 36
10 102 5 0
10 2 2147483647 0
11 64 2147483647 79
1 64 1 79
11 86 2147483647 100
1 86 1 100
11 8 2147483647 21
1 8 1 21
11 46 2147483647 54
1 46 1 54
11 4 2147483647 78
1 4 1 78
11 80 2147483647 50
1 80 1 50
11 55 2147483647 20
1 55 1 20
11 43 2147483647 25
1 43 1 25
11 101 2147483647 29
1 101 1 29
11 42 2147483647 17
1 42 1 17
11 56 2147483647 74
1 56 1 74
11 35 2147483647 29
1 35 1 29
11 6 2147483647 97
1 6 1 97
11 66 2147483647 94
1 66 1 94
11 69 2147483647 11
1 69 1 11
11 5 2147483647 98
1 5 1 98
11 10 2147483647 17
1 10 1 17
11 51 2147483647 8
1 51 1 8
11 21 2147483647 88
1 21 1 88
11 95 2147483647 64
1 95 1 64
11 58 2147483647 64
1 58 1 64
11 65 2147483647 62
1 65 1 62
11 84 2147483647 38
1 84 1 38
11 98 2147483647 61
1 98 1 61
11 83 2147483647 41
1 83 1 41
11 31 2147483647 89
1 31 1 89
11 91 2147483647 6
1 91 1 6
11 47 2147483647 13
1 47 1 13
11 15 2147483647 95
1 15 1 95
11 62 2147483647 18
1 62 1 18
11 102 30 0
11 2 2147483647 0
12 43 2147483647 67
1 43 1 67
12 50 2147483647 98
1 50 1 98
12 46 2147483647 19
1 46 1 19
12 77 2147483647 98
1 77 1 98
12 82 2147483647 81
1 82 1 81
12 79 2147483647 39
1 79 1 39
12 32 2147483647 19
1 32 1 19
12 9 2147483647 2
1 9 1 2
12 21 2147483647 88
1 21 1 88
12 20 2147483647 85
1 20 1 85
12 49 2147483647 38
1 49 1 38
12 102 11 0
12 2 2147483647 0
13 92 2147483647 90
1 92 1 90
13 8 2147483647 83
1 8 1 83
13 65 2147483647 72
1 65 1 72
13 79 2147483647 54
1 79 1 54
13 77 2147483647 24
1 77 1 24
13 49 2147483647 52
1 49 1 52
13 21 2147483647 26
1 21 1 26
13 75 2147483647 10
1 75 1 10
13 46 2147483647 79
1 46 1 79
13 82 2147483647 40
1 82 1 40
13 50 2147483647 43
1 50 1 43
13 32 2147483647 96
1 32 1 96
13 43 2147483647 2
1 43 1 2
13 101 2147483647 91
1 101 1 91
13 84 2147483647 17
1 84 1 17
13 33 2147483647 49
1 33 1 49
13 63 2147483647 96
1 63 1 96
13 20 2147483647 41
1 20 1 41
13 70 2147483647 55
1 70 1 55
13 35 2147483647 20
1 35 1 20
13 5 2147483647 26
1 5 1 26
13 51 2147483647 16
1 51 1 16
13 102 22 0
13 2 2147483647 0
14 10 2147483647 6
1 10 1 6
14 86 2147483647 22
1 86 1 22
14 84 2147483647 40
1 84 1 40
14 75 2147483647 78
1 75 1 78
14 44 2147483647 12
1 44 1 12
14 7 2147483647 1
1 7 1 1
14 35 2147483647 57
1 35 1 57
14 39 2147483647 63
1 39 1 63
14 28 2147483647 73
1 28 1 73
14 5 2147483647 56
1 5 1 56
14 20 2147483647 18
1 20 1 18
14 65 2147483647 97
1 65 1 97
14 21 2147483647 91
1 21 1 91
14 92 2147483647 42
1 92 1 42
14 70 2147483647 57
1 70 1 57
14 89 2147483647 6
1 89 1 6
14 97 2147483647 29
1 97 1 29
14 40 2147483647 44
1 40 1 44
14 12 2147483647 41
1 12 1 41
14 59 2147483647 53
1 59 1 53
14 79 2147483647 52
1 79 1 52
14 91 2147483647 99
1 91 1 99
14 63 2147483647 20
1 63 1 20
14 8 2147483647 92
1 8 1 92
14 50 2147483647 55
1 50 1 55
14 13 2147483647 13
1 13 1 13
14 25 2147483647 19
1 25 1 19
14 29 2147483647 68
1 29 1 68
14 73 2147483647 70
1 73 1 70
14 100 2147483647 17
1 100 1 17
14 102 30 0
14 2 2147483647 0
15 50 2147483647 6
1 50 1 6
15 39 2147483647 80
1 39 1 80
15 82 2147483647 34
1 82 1 34
15 30 2147483647 29
1 30 1 29
15 89 2147483647 13
1 89 1 13
15 35 2147483647 74
1 35 1 74
15 91 2147483647 86
1 91 1 86
15 9 2147483647 100
1 9 1 100
15 43 2147483647 100
1 43 1 100
15 40 2147483647 26
1 40 1 26
15 8 2147483647 66
1 8 1 66
15 86 2147483647 49
1 86 1 49
15 92 2147483647 53
1 92 1 53
15 36 2147483647 50
1 36 1 50
15 53 2147483647 27
1 53 1 27
15 13 2147483647 23
1 13 1 23
15 70 2147483647 99
1 70 1 99
15 32 2147483647 82
1 32 1 82
15 46 2147483647 77
1 46 1 77
15 84 2147483647 54
1 84 1 54
15 51 2147483647 66
1 51 1 66
15 33 2147483647 97
1 33 1 97
15 102 22 0
15 2 2147483647 0
16 51 2147483647 92
1 51 1 92
16 96 2147483647 79
1 96 1 79
16 45 2147483647 70
1 45 1 70
16 10 2147483647 6
1 10 1 6
16 8 2147483647 49
1 8 1 49
16 82 2147483647 86
1 82 1 86
16 97 2147483647 20
1 97 1 20
16 7 2147483647 29
1 7 1 29
16 98 2147483647 89
1 98 1 89
16 35 2147483647 22
1 35 1 22
16 15 2147483647 94
1 15 1 94
16 44 2147483647 74
1 44 1 74
16 91 2147483647 3
1 91 1 3
16 9 2147483647 39
1 9 1 39
16 40 2147483647 76
1 40 1 76
16 66 2147483647 18
1 66 1 18
16 29 2147483647 96
1 29 1 96
16 53 2147483647 3
1 53 1 3
16 80 2147483647 99
1 80 1 99
16 5 2147483647 32
1 5 1 32
16 50 2147483647 74
1 50 1 74
16 25 2147483647 82
1 25 1 82
16 46 2147483647 46
1 46 1 46
16 20 2147483647 46
1 20 1 46
16 33 2147483647 38
1 33 1 38
16 100 2147483647 2
1 100 1 2
16 21 2147483647 39
1 21 1 39
16 102 27 0
16 2 2147483647 0
17 97 2147483647 9
1 97 1 9
17 29 2147483647 9
1 29 1 9
17 65 2147483647 60
1 65 1 60
17 84 2147483647 93
1 84 1 93
17 73 2147483647 1
1 73 1 1
17 40 2147483647 7
1 40 1 7
17 35 2147483647 71
1 35 1 71
17 78 2147483647 29
1 78 1 29
17 56 2147483647 12
1 56 1 12
17 25 2147483647 32
1 25 1 32
17 83 2147483647 8
1 83 1 8
17 28 2147483647 10
1 28 1 10
17 23 2147483647 98
1 23 1 98
17 8 2147483647 55
1 8 1 55
17 55 2147483647 67
1 55 1 67
17 42 2147483647 73
1 42 1 73
17 62 2147483647 42
1 62 1 42
17 75 2147483647 64
1 75 1 64
17 3 2147483647 52
1 3 1 52
17 99 2147483647 76
1 99 1 76
17 89 2147483647 25
1 89 1 25
17 10 2147483647 28
1 10 1 28
17 58 2147483647 98
1 58 1 98
17 39 2147483647 42
1 39 1 42
17 32 2147483647 69
1 32 1 69
17 86 2147483647 22
1 86 1 22
17 101 2147483647 34
1 101 1 34
17 61 2147483647 77
1 61 1 77
17 33 2147483647 95
1 33 1 95
17 14 2147483647 80
1 14 1 80
17 102 30 0
17 2 2147483647 0
18 78 2147483647 1
1 78 1 1
18 66 2147483647 79
1 66 1 79
18 80 2147483647 26
1 80 1 26
18 41 2147483647 68
1 41 1 68
18 57 2147483647 49
1 57 1 49
18 77 2147483647 46
1 77 1 46
18 46 2147483647 15
1 46 1 15
18 75 2147483647 15
1 75 1 15
18 97 2147483647 34
1 97 1 34
18 30 2147483647 52
1 30 1 52
18 58 2147483647 18
1 58 1 18
18 5 2147483647 7
1 5 1 7
18 95 2147483647 94
1 95 1 94
18 82 2147483647 84
1 82 1 84
18 96 2147483647 96
1 96 1 96
18 50 2147483647 25
1 50 1 25
18 12 2147483647 2
1 12 1 2
18 56 2147483647 2
1 56 1 2
18 31 2147483647 66
1 31 1 66
18 20 2147483647 98
1 20 1 98
18 40 2147483647 83
1 40 1 83
18 36 2147483647 6
1 36 1 6
18 16 2147483647 56
1 16 1 56
18 32 2147483647 78
1 32 1 78
18 25 2147483647 76
1 25 1 76
18 49 2147483647 26
1 49 1 26
18 3 2147483647 38
1 3 1 38
18 15 2147483647 1
1 15 1 1
18 43 2147483647 25
1 43 1 25
18 27 2147483647 54
1 27 1 54
18 102 30 0
18 2 2147483647 0
19 67 2147483647 52
1 67 1 52
19 28 2147483647 34
1 28 1 34
19 15 2147483647 13
1 15 1 13
19 97 2147483647 27
1 97 1 27
19 80 2147483647 27
1 80 1 27
19 84 2147483647 35
1 84 1 35
19 59 2147483647 59
1 59 1 59
19 96 2147483647 25
1 96 1 25
19 21 2147483647 46
1 21 1 46
19 77 2147483647 39
1 77 1 39
19 49 2147483647 100
1 49 1 100
19 3 2147483647 21
1 3 1 21
19 86 2147483647 67
1 86 1 67
19 45 2147483647 73
1 45 1 73
19 58 2147483647 75
1 58 1 75
19 71 2147483647 67
1 71 1 67
19 44 2147483647 99
1 44 1 99
19 17 2147483647 98
1 17 1 98
19 29 2147483647 31
1 29 1 31
19 88 2147483647 19
1 88 1 19
19 90 2147483647 29
1 90 1 29
19 50 2147483647 9
1 50 1 9
19 55 2147483647 57
1 55 1 57
19 40 2147483647 70
1 40 1 70
19 47 2147483647 80
1 47 1 80
19 82 2147483647 42
1 82 1 42
19 22 2147483647 26
1 22 1 26
19 39 2147483647 91
1 39 1 91
19 91 2147483647 8
1 91 1 8
19 64 2147483647 15
1 64 1 15
19 102 30 0
19 2 2147483647 0
20 98 2147483647 54
1 98 1 54
20 102 1 0
20 2 2147483647 0
21 8 2147483647 77
1 8 1 77
21 49 2147483647 64
1 49 1 64
21 50 2147483647 75
1 50 1 75
21 20 2147483647 50
1 20 1 50
21 79 2147483647 4
1 79 1 4
21 77 2147483647 74
1 77 1 74
21 102 6 0
21 2 2147483647 0
22 54 2147483647 44
1 54 1 44
22 93 2147483647 2
1 93 1 2
22 82 2147483647 16
1 82 1 16
22 39 2147483647 62
1 39 1 62
22 70 2147483647 20
1 70 1 20
22 95 2147483647 92
1 95 1 92
22 33 2147483647 14
1 33 1 14
22 49 2147483647 2
1 49 1 2
22 7 2147483647 16
1 7 1 16
22 20 2147483647 92
1 20 1 92
22 52 2147483647 49
1 52 1 49
22 90 2147483647 57
1 90 1 57
22 56 2147483647 85
1 56 1 85
22 62 2147483647 19
1 62 1 19
22 40 2147483647 87
1 40 1 87
22 6 2147483647 41
1 6 1 41
22 73 2147483647 34
1 73 1 34
22 75 2147483647 97
1 75 1 97
22 35 2147483647 77
1 35 1 77
22 9 2147483647 24
1 9 1 24
22 18 2147483647 89
1 18 1 89
22 16 2147483647 92
1 16 1 92
22 55 2147483647 10
1 55 1 10
22 14 2147483647 86
1 14 1 86
22 10 2147483647 33
1 10 1 33
22 87 2147483647 24
1 87 1 24
22 71 2147483647 30
1 71 1 30
22 4 2147483647 53
1 4 1 53
22 44 2147483647 78
1 44 1 78
22 47 2147483647 62
1 47 1 62
22 102 30 0
22 2 2147483647 0
23 90 2147483647 77
1 90 1 77
23 27 2147483647 68
1 27 1 68
23 43 2147483647 98
1 43 1 98
23 10 2147483647 99
1 10 1 99
23 84 2147483647 25
1 84 1 25
23 56 2147483647 3
1 56 1 3
23 44 2147483647 58
1 44 1 58
23 14 2147483647 64
1 14 1 64
23 62 2147483647 89
1 62 1 89
23 95 2147483647 98
1 95 1 98
23 41 2147483647 37
1 41 1 37
23 6 2147483647 28
1 6 1 28
23 75 2147483647 38
1 75 1 38
23 8 2147483647 81
1 8 1 81
23 83 2147483647 65
1 83 1 65
23 92 2147483647 18
1 92 1 18
23 59 2147483647 85
1 59 1 85
23 86 2147483647 45
1 86 1 45
23 3 2147483647 66
1 3 1 66
23 97 2147483647 83
1 97 1 83
23 35 2147483647 93
1 35 1 93
23 80 2147483647 15
1 80 1 15
23 28 2147483647 94
1 28 1 94
23 101 2147483647 53
1 101 1 53
23 98 2147483647 15
1 98 1 15
23 25 2147483647 24
1 25 1 24
23 79 2147483647 45
1 79 1 45
23 20 2147483647 96
1 20 1 96
23 46 2147483647 87
1 46 1 87
23 91 2147483647 72
1 91 1 72
23 102 30 0
23 2 2147483647 0
24 4 2147483647 96
1 4 1 96
24 59 2147483647 72
1 59 1 72
24 32 2147483647 29
1 32 1 29
24 9 2147483647 23
1 9 1 23
24 16 2147483647 71
1 16 1 71
24 73 2147483647 74
1 73 1 74
24 61 2147483647 90
1 61 1 90
24 18 2147483647 12
1 18 1 12
24 25 2147483647 34
1 25 1 34
24 77 2147483647 25
1 77 1 25
24 100 2147483647 50
1 100 1 50
24 33 2147483647 42
1 33 1 42
24 101 2147483647 24
1 101 1 24
24 65 2147483647 92
1 65 1 92
24 57 2147483647 43
1 57 1 43
24 51 2147483647 45
1 51 1 45
24 21 2147483647 99
1 21 1 99
24 75 2147483647 53
1 75 1 53
24 83 2147483647 32
1 83 1 32
24 23 2147483647 23
1 23 1 23
24 68 2147483647 95
1 68 1 95
24 17 2147483647 56
1 17 1 56
24 78 2147483647 38
1 78 1 38
24 46 2147483647 80
1 46 1 80
24 92 2147483647 95
1 92 1 95
24 94 2147483647 76
1 94 1 76
24 29 2147483647 80
1 29 1 80
24 93 2147483647 28
1 93 1 28
24 37 2147483647 82
1 37 1 82
24 35 2147483647 52
1 35 1 52
24 102 30 0
24 2 2147483647 0
25 46 2147483647 16
1 46 1 16
25 32 2147483647 40
1 32 1 40
25 84 2147483647 80
1 84 1 80
25 51 2147483647 30
1 51 1 30
25 79 2147483647 85
1 79 1 85
25 49 2147483647 47
1 49 1 47
25 101 2147483647 46
1 101 1 46
25 29 2147483647 62
1 29 1 62
25 10 2147483647 59
1 10 1 59
25 12 2147483647 16
1 12 1 16
25 65 2147483647 66
1 65 1 66
25 92 2147483647 15
1 92 1 15
25 77 2147483647 42
1 77 1 42
25 20 2147483647 74
1 20 1 74
25 50 2147483647 3
1 50 1 3
25 36 2147483647 36
1 36 1 36
25 102 16 0
25 2 2147483647 0
26 19 2147483647 16
1 19 1 16
26 42 2147483647 12
1 42 1 12
26 71 2147483647 41
1 71 1 41
26 52 2147483647 86
1 52 1 86
26 56 2147483647 73
1 56 1 73
26 31 2147483647 87
1 31 1 87
26 69 2147483647 51
1 69 1 51
26 29 2147483647 42
1 29 1 42
26 53 2147483647 22
1 53 1 22
26 6 2147483647 32
1 6 1 32
26 66 2147483647 50
1 66 1 50
26 74 2147483647 86
1 74 1 86
26 98 2147483647 52
1 98 1 52
26 96 2147483647 13
1 96 1 13
26 78 2147483647 25
1 78 1 25
26 55 2147483647 53
1 55 1 53
26 8 2147483647 40
1 8 1 40
26 38 2147483647 40
1 38 1 40
26 61 2147483647 43
1 61 1 43
26 70 2147483647 25
1 70 1 25
26 33 2147483647 6
1 33 1 6
26 41 2147483647 93
1 41 1 93
26 34 2147483647 87
1 34 1 87
26 12 2147483647 90
1 12 1 90
26 94 2147483647 99
1 94 1 99
26 59 2147483647 74
1 59 1 74
26 25 2147483647 47
1 25 1 47
26 99 2147483647 61
1 99 1 61
26 57 2147483647 38
1 57 1 38
26 18 2147483647 42
1 18 1 42
26 102 30 0
26 2 2147483647 0
27 9 2147483647 12
1 9 1 12
27 70 2147483647 71
1 70 1 71
27 30 2147483647 2
1 30 1 2
27 49 2147483647 40
1 49 1 40
27 28 2147483647 27
1 28 1 27
27 33 2147483647 36
1 33 1 36
27 73 2147483647 93
1 73 1 93
27 29 2147483647 30
1 29 1 30
27 84 2147483647 58
1 84 1 58
27 45 2147483647 17
1 45 1 17
27 21 2147483647 100
1 21 1 100
27 10 2147483647 46
1 10 1 46
27 20 2147483647 35
1 20 1 35
27 77 2147483647 72
1 77 1 72
27 39 2147483647 23
1 39 1 23
27 101 2147483647 10
1 101 1 10
27 86 2147483647 86
1 86 1 86
27 51 2147483647 89
1 51 1 89
27 40 2147483647 34
1 40 1 34
27 12 2147483647 70
1 12 1 70
27 91 2147483647 12
1 91 1 12
27 8 2147483647 23
1 8 1 23
27 35 2147483647 48
1 35 1 48
27 15 2147483647 11
1 15 1 11
27 102 24 0
27 2 2147483647 0
28 102 0 0
28 2 2147483647 0
29 92 2147483647 87
1 92 1 87
29 36 2147483647 29
1 36 1 29
29 77 2147483647 35
1 77 1 35
29 49 2147483647 3
1 49 1 3
29 8 2147483647 70
1 8 1 70
29 43 2147483647 61
1 43 1 61
29 51 2147483647 67
1 51 1 67
29 63 2147483647 87
1 63 1 87
29 21 2147483647 91
1 21 1 91
29 50 2147483647 18
1 50 1 18
29 98 2147483647 7
1 98 1 7
29 102 11 0
29 2 2147483647 0
30 29 2147483647 57
1 29 1 57
30 46 2147483647 83
1 46 1 83
30 86 2147483647 98
1 86 1 98
30 12 2147483647 57
1 12 1 57
30 84 2147483647 86
1 84 1 86
30 43 2147483647 50
1 43 1 50
30 91 2147483647 80
1 91 1 80
30 21 2147483647 5
1 21 1 5
30 92 2147483647 90
1 92 1 90
30 65 2147483647 27
1 65 1 27
30 32 2147483647 80
1 32 1 80
30 101 2147483647 83
1 101 1 83
30 77 2147483647 31
1 77 1 31
30 9 2147483647 6
1 9 1 6
30 102 14 0
30 2 2147483647 0
31 82 2147483647 61
1 82 1 61
31 12 2147483647 19
1 12 1 19
31 65 2147483647 76
1 65 1 76
31 45 2147483647 50
1 45 1 50
31 75 2147483647 56
1 75 1 56
31 35 2147483647 96
1 35 1 96
31 57 2147483647 96
1 57 1 96
31 10 2147483647 85
1 10 1 85
31 25 2147483647 10
1 25 1 10
31 61 2147483647 87
1 61 1 87
31 36 2147483647 17
1 36 1 17
31 96 2147483647 90
1 96 1 90
31 28 2147483647 24
1 28 1 24
31 101 2147483647 15
1 101 1 15
31 15 2147483647 17
1 15 1 17
31 58 2147483647 73
1 58 1 73
31 30 2147483647 4
1 30 1 4
31 98 2147483647 81
1 98 1 81
31 77 2147483647 29
1 77 1 29
31 27 2147483647 85
1 27 1 85
31 50 2147483647 22
1 50 1 22
31 39 2147483647 1
1 39 1 1
31 70 2147483647 54
1 70 1 54
31 13 2147483647 88
1 13 1 88
31 20 2147483647 84
1 20 1 84
31 91 2147483647 53
1 91 1 53
31 102 26 0
31 2 2147483647 0
32 98 2147483647 43
1 98 1 43
32 49 2147483647 61
1 49 1 61
32 8 2147483647 89
1 8 1 89
32 102 3 0
32 2 2147483647 0
33 102 0 0
33 2 2147483647 0
34 81 2147483647 87
1 81 1 87
34 38 2147483647 56
1 38 1 56
34 90 2147483647 28
1 90 1 28
34 16 2147483647 92
1 16 1 92
34 100 2147483647 99
1 100 1 99
34 13 2147483647 31
1 13 1 31
34 21 2147483647 72
1 21 1 72
34 4 2147483647 75
1 4 1 75
34 45 2147483647 78
1 45 1 78
34 28 2147483647 25
1 28 1 25
34 63 2147483647 46
1 63 1 46
34 7 2147483647 64
1 7 1 64
34 61 2147483647 29
1 61 1 29
34 50 2147483647 98
1 50 1 98
34 40 2147483647 99
1 40 1 99
34 18 2147483647 16
1 18 1 16
34 29 2147483647 31
1 29 1 31
34 43 2147483647 54
1 43 1 54
34 3 2147483647 38
1 3 1 38
34 44 2147483647 78
1 44 1 78
34 31 2147483647 77
1 31 1 77
34 58 2147483647 82
1 58 1 82
34 27 2147483647 27
1 27 1 27
34 15 2147483647 31
1 15 1 31
34 62 2147483647 97
1 62 1 97
34 32 2147483647 70
1 32 1 70
34 99 2147483647 74
1 99 1 74
34 11 2147483647 18
1 11 1 18
34 76 2147483647 22
1 76 1 22
34 53 2147483647 77
1 53 1 77
34 102 30 0
34 2 2147483647 0
35 21 2147483647 82
1 21 1 82
35 12 2147483647 41
1 12 1 41
35 32 2147483647 46
1 32 1 46
35 46 2147483647 53
1 46 1 53
35 63 2147483647 8
1 63 1 8
35 101 2147483647 35
1 101 1 35
35 43 2147483647 49
1 43 1 49
35 79 2147483647 66
1 79 1 66
35 84 2147483647 96
1 84 1 96
35 77 2147483647 71
1 77 1 71
35 50 2147483647 8
1 50 1 8
35 92 2147483647 66
1 92 1 66
35 49 2147483647 90
1 49 1 90
35 98 2147483647 18
1 98 1 18
35 8 2147483647 71
1 8 1 71
35 102 15 0
35 2 2147483647 0
36 21 2147483647 58
1 21 1 58
36 98 2147483647 29
1 98 1 29
36 65 2147483647 89
1 65 1 89
36 92 2147483647 91
1 92 1 91
36 9 2147483647 4
1 9 1 4
36 51 2147483647 7
1 51 1 7
36 77 2147483647 65
1 77 1 65
36 49 2147483647 46
1 49 1 46
36 20 2147483647 42
1 20 1 42
36 79 2147483647 73
1 79 1 73
36 102 10 0
36 2 2147483647 0
37 18 2147483647 67
1 18 1 67
37 72 2147483647 90
1 72 1 90
37 52 2147483647 65
1 52 1 65
37 42 2147483647 2
1 42 1 2
37 7 2147483647 11
1 7 1 11
37 59 2147483647 4
1 59 1 4
37 39 2147483647 29
1 39 1 29
37 68 2147483647 23
1 68 1 23
37 55 2147483647 85
1 55 1 85
37 98 2147483647 76
1 98 1 76
37 100 2147483647 75
1 100 1 75
37 17 2147483647 64
1 17 1 64
37 89 2147483647 99
1 89 1 99
37 63 2147483647 10
1 63 1 10
37 73 2147483647 10
1 73 1 10
37 8 2147483647 85
1 8 1 85
37 45 2147483647 54
1 45 1 54
37 56 2147483647 23
1 56 1 23
37 53 2147483647 6
1 53 1 6
37 91 2147483647 20
1 91 1 20
37 65 2147483647 96
1 65 1 96
37 75 2147483647 82
1 75 1 82
37 86 2147483647 19
1 86 1 19
37 13 2147483647 46
1 13 1 46
37 82 2147483647 43
1 82 1 43
37 44 2147483647 4
1 44 1 4
37 25 2147483647 16
1 25 1 16
37 19 2147483647 26
1 19 1 26
37 87 2147483647 26
1 87 1 26
37 60 2147483647 75
1 60 1 75
37 102 30 0
37 2 2147483647 0
38 16 2147483647 36
1 16 1 36
38 35 2147483647 42
1 35 1 42
38 25 2147483647 68
1 25 1 68
38 61 2147483647 30
1 61 1 30
38 29 2147483647 89
1 29 1 89
38 89 2147483647 17
1 89 1 17
38 42 2147483647 33
1 42 1 33
38 90 2147483647 29
1 90 1 29
38 86 2147483647 32
1 86 1 32
38 80 2147483647 20
1 80 1 20
38 58 2147483647 49
1 58 1 49
38 21 2147483647 84
1 21 1 84
38 71 2147483647 23
1 71 1 23
38 53 2147483647 50
1 53 1 50
38 39 2147483647 1
1 39 1 1
38 5 2147483647 97
1 5 1 97
38 46 2147483647 15
1 46 1 15
38 51 2147483647 44
1 51 1 44
38 55 2147483647 39
1 55 1 39
38 33 2147483647 32
1 33 1 32
38 10 2147483647 46
1 10 1 46
38 52 2147483647 96
1 52 1 96
38 66 2147483647 88
1 66 1 88
38 84 2147483647 5
1 84 1 5
38 36 2147483647 22
1 36 1 22
38 92 2147483647 12
1 92 1 12
38 67 2147483647 97
1 67 1 97
38 3 2147483647 17
1 3 1 17
38 64 2147483647 42
1 64 1 42
38 91 2147483647 94
1 91 1 94
38 102 30 0
38 2 2147483647 0
39 77 2147483647 53
1 77 1 53
39 20 2147483647 53
1 20 1 53
39 46 2147483647 95
1 46 1 95
39 92 2147483647 78
1 92 1 78
39 98 2147483647 78
1 98 1 78
39 70 2147483647 47
1 70 1 47
39 50 2147483647 90
1 50 1 90
39 21 2147483647 81
1 21 1 81
39 9 2147483647 15
1 9 1 15
39 35 2147483647 36
1 35 1 36
39 86 2147483647 66
1 86 1 66
39 45 2147483647 96
1 45 1 96
39 75 2147483647 47
1 75 1 47
39 79 2147483647 84
1 79 1 84
39 29 2147483647 92
1 29 1 92
39 89 2147483647 41
1 89 1 41
39 40 2147483647 88
1 40 1 88
39 51 2147483647 51
1 51 1 51
39 32 2147483647 42
1 32 1 42
39 84 2147483647 10
1 84 1 10
39 36 2147483647 81
1 36 1 81
39 102 21 0
39 2 2147483647 0
40 21 2147483647 37
1 21 1 37
40 12 2147483647 59
1 12 1 59
40 29 2147483647 64
1 29 1 64
40 92 2147483647 64
1 92 1 64
40 25 2147483647 72
1 25 1 72
40 75 2147483647 24
1 75 1 24
40 5 2147483647 62
1 5 1 62
40 79 2147483647 15
1 79 1 15
40 20 2147483647 66
1 20 1 66
40 89 2147483647 45
1 89 1 45
40 84 2147483647 90
1 84 1 90
40 101 2147483647 46
1 101 1 46
40 102 12 0
40 2 2147483647 0
41 6 2147483647 41
1 6 1 41
41 14 2147483647 2
1 14 1 2
41 39 2147483647 95
1 39 1 95
41 65 2147483647 60
1 65 1 60
41 79 2147483647 10
1 79 1 10
41 43 2147483647 40
1 43 1 40
41 63 2147483647 55
1 63 1 55
41 35 2147483647 13
1 35 1 13
41 101 2147483647 38
1 101 1 38
41 75 2147483647 43
1 75 1 43
41 97 2147483647 73
1 97 1 73
41 12 2147483647 91
1 12 1 91
41 32 2147483647 51
1 32 1 51
41 8 2147483647 25
1 8 1 25
41 9 2147483647 1
1 9 1 1
41 66 2147483647 83
1 66 1 83
41 45 2147483647 64
1 45 1 64
41 50 2147483647 94
1 50 1 94
41 59 2147483647 41
1 59 1 41
41 20 2147483647 30
1 20 1 30
41 98 2147483647 58
1 98 1 58
41 88 2147483647 91
1 88 1 91
41 96 2147483647 54
1 96 1 54
41 21 2147483647 12
1 21 1 12
41 84 2147483647 84
1 84 1 84
41 82 2147483647 64
1 82 1 64
41 57 2147483647 21
1 57 1 21
41 73 2147483647 98
1 73 1 98
41 30 2147483647 20
1 30 1 20
41 33 2147483647 34
1 33 1 34
41 102 30 0
41 2 2147483647 0
42 52 2147483647 56
1 52 1 56
42 14 2147483647 74
1 14 1 74
42 16 2147483647 74
1 16 1 74
42 29 2147483647 44
1 29 1 44
42 70 2147483647 4
1 70 1 4
42 44 2147483647 72
1 44 1 72
42 65 2147483647 28
1 65 1 28
42 61 2147483647 3
1 61 1 3
42 40 2147483647 32
1 40 1 32
42 87 2147483647 42
1 87 1 42
42 90 2147483647 67
1 90 1 67
42 97 2147483647 91
1 97 1 91
42 4 2147483647 2
1 4 1 2
42 41 2147483647 43
1 41 1 43
42 73 2147483647 23
1 73 1 23
42 62 2147483647 94
1 62 1 94
42 5 2147483647 72
1 5 1 72
42 33 2147483647 57
1 33 1 57
42 101 2147483647 32
1 101 1 32
42 45 2147483647 63
1 45 1 63
42 21 2147483647 12
1 21 1 12
42 25 2147483647 9
1 25 1 9
42 71 2147483647 13
1 71 1 13
42 91 2147483647 85
1 91 1 85
42 63 2147483647 25
1 63 1 25
42 98 2147483647 30
1 98 1 30
42 56 2147483647 63
1 56 1 63
42 18 2147483647 66
1 18 1 66
42 84 2147483647 71
1 84 1 71
42 82 2147483647 69
1 82 1 69
42 102 30 0
42 2 2147483647 0
43 8 2147483647 52
1 8 1 52
43 50 2147483647 56
1 50 1 56
43 98 2147483647 16
1 98 1 16
43 102 3 0
43 2 2147483647 0
44 84 2147483647 78
1 84 1 78
44 29 2147483647 51
1 29 1 51
44 10 2147483647 60
1 10 1 60
44 97 2147483647 46
1 97 1 46
44 32 2147483647 81
1 32 1 81
44 15 2147483647 28
1 15 1 28
44 63 2147483647 70
1 63 1 70
44 46 2147483647 70
1 46 1 70
44 96 2147483647 43
1 96 1 43
44 66 2147483647 9
1 66 1 9
44 86 2147483647 27
1 86 1 27
44 77 2147483647 94
1 77 1 94
44 98 2147483647 52
1 98 1 52
44 35 2147483647 42
1 35 1 42
44 79 2147483647 46
1 79 1 46
44 5 2147483647 29
1 5 1 29
44 73 2147483647 5
1 73 1 5
44 43 2147483647 75
1 43 1 75
44 70 2147483647 43
1 70 1 43
44 20 2147483647 82
1 20 1 82
44 75 2147483647 10
1 75 1 10
44 58 2147483647 82
1 58 1 82
44 13 2147483647 95
1 13 1 95
44 88 2147483647 74
1 88 1 74
44 21 2147483647 82
1 21 1 82
44 39 2147483647 29
1 39 1 29
44 100 2147483647 5
1 100 1 5
44 65 2147483647 63
1 65 1 63
44 102 28 0
44 2 2147483647 0
45 65 2147483647 56
1 65 1 56
45 89 2147483647 36
1 89 1 36
45 12 2147483647 86
1 12 1 86
45 63 2147483647 57
1 63 1 57
45 29 2147483647 90
1 29 1 90
45 35 2147483647 99
1 35 1 99
45 98 2147483647 98
1 98 1 98
45 9 2147483647 91
1 9 1 91
45 50 2147483647 74
1 50 1 74
45 21 2147483647 86
1 21 1 86
45 58 2147483647 96
1 58 1 96
45 101 2147483647 52
1 101 1 52
45 49 2147483647 64
1 49 1 64
45 102 13 0
45 2 2147483647 0
46 102 0 0
46 2 2147483647 0
47 102 0 0
47 2 2147483647 0
48 26 2147483647 16
1 26 1 16
48 60 2147483647 6
1 60 1 6
48 7 2147483647 42
1 7 1 42
48 97 2147483647 18
1 97 1 18
48 58 2147483647 35
1 58 1 35
48 35 2147483647 85
1 35 1 85
48 18 2147483647 10
1 18 1 10
48 96 2147483647 9
1 96 1 9
48 54 2147483647 2
1 54 1 2
48 50 2147483647 49
1 50 1 49
48 77 2147483647 86
1 77 1 86
48 31 2147483647 79
1 31 1 79
48 25 2147483647 90
1 25 1 90
48 71 2147483647 25
1 71 1 25
48 83 2147483647 83
1 83 1 83
48 65 2147483647 47
1 65 1 47
48 86 2147483647 20
1 86 1 20
48 93 2147483647 77
1 93 1 77
48 74 2147483647 34
1 74 1 34
48 41 2147483647 68
1 41 1 68
48 13 2147483647 47
1 13 1 47
48 68 2147483647 83
1 68 1 83
48 61 2147483647 25
1 61 1 25
48 75 2147483647 34
1 75 1 34
48 49 2147483647 86
1 49 1 86
48 6 2147483647 9
1 6 1 9
48 94 2147483647 84
1 94 1 84
48 44 2147483647 15
1 44 1 15
48 53 2147483647 91
1 53 1 91
48 20 2147483647 72
1 20 1 72
48 102 30 0
48 2 2147483647 0
49 102 0 0
49 2 2147483647 0
50 46 2147483647 60
1 46 1 60
50 8 2147483647 71
1 8 1 71
50 20 2147483647 4
1 20 1 4
50 98 2147483647 74
1 98 1 74
50 102 4 0
50 2 2147483647 0
51 49 2147483647 75
1 49 1 75
51 77 2147483647 1
1 77 1 1
51 21 2147483647 48
1 21 1 48
51 79 2147483647 42
1 79 1 42
51 82 2147483647 58
1 82 1 58
51 92 2147483647 64
1 92 1 64
51 9 2147483647 15
1 9 1 15
51 43 2147483647 39
1 43 1 39
51 50 2147483647 90
1 50 1 90
51 32 2147483647 95
1 32 1 95
51 102 10 0
51 2 2147483647 0
52 73 2147483647 56
1 73 1 56
52 39 2147483647 10
1 39 1 10
52 13 2147483647 89
1 13 1 89
52 27 2147483647 69
1 27 1 69
52 21 2147483647 28
1 21 1 28
52 82 2147483647 54
1 82 1 54
52 35 2147483647 80
1 35 1 80
52 90 2147483647 49
1 90 1 49
52 70 2147483647 44
1 70 1 44
52 25 2147483647 84
1 25 1 84
52 14 2147483647 47
1 14 1 47
52 56 2147483647 51
1 56 1 51
52 10 2147483647 2
1 10 1 2
52 69 2147483647 7
1 69 1 7
52 101 2147483647 36
1 101 1 36
52 80 2147483647 68
1 80 1 68
52 58 2147483647 12
1 58 1 12
52 89 2147483647 45
1 89 1 45
52 44 2147483647 51
1 44 1 51
52 92 2147483647 85
1 92 1 85
52 97 2147483647 68
1 97 1 68
52 40 2147483647 71
1 40 1 71
52 84 2147483647 99
1 84 1 99
52 6 2147483647 82
1 6 1 82
52 28 2147483647 33
1 28 1 33
52 86 2147483647 65
1 86 1 65
52 96 2147483647 1
1 96 1 1
52 41 2147483647 97
1 41 1 97
52 7 2147483647 37
1 7 1 37
52 65 2147483647 34
1 65 1 34
52 102 30 0
52 2 2147483647 0
53 49 2147483647 7
1 49 1 7
53 91 2147483647 28
1 91 1 28
53 12 2147483647 50
1 12 1 50
53 36 2147483647 88
1 36 1 88
53 101 2147483647 69
1 101 1 69
53 70 2147483647 52
1 70 1 52
53 45 2147483647 64
1 45 1 64
53 25 2147483647 76
1 25 1 76
53 77 2147483647 17
1 77 1 17
53 100 2147483647 47
1 100 1 47
53 9 2147483647 35
1 9 1 35
53 33 2147483647 76
1 33 1 76
53 46 2147483647 94
1 46 1 94
53 32 2147483647 71
1 32 1 71
53 63 2147483647 12
1 63 1 12
53 51 2147483647 41
1 51 1 41
53 10 2147483647 97
1 10 1 97
53 29 2147483647 96
1 29 1 96
53 89 2147483647 91
1 89 1 91
53 28 2147483647 25
1 28 1 25
53 82 2147483647 43
1 82 1 43
53 84 2147483647 66
1 84 1 66
53 5 2147483647 22
1 5 1 22
53 21 2147483647 63
1 21 1 63
53 102 24 0
53 2 2147483647 0
54 47 2147483647 61
1 47 1 61
54 62 2147483647 81
1 62 1 81
54 61 2147483647 91
1 61 1 91
54 32 2147483647 66
1 32 1 66
54 95 2147483647 56
1 95 1 56
54 91 2147483647 24
1 91 1 24
54 56 2147483647 59
1 56 1 59
54 7 2147483647 90
1 7 1 90
54 14 2147483647 2
1 14 1 2
54 99 2147483647 7
1 99 1 7
54 15 2147483647 70
1 15 1 70
54 52 2147483647 14
1 52 1 14
54 31 2147483647 30
1 31 1 30
54 3 2147483647 92
1 3 1 92
54 79 2147483647 67
1 79 1 67
54 71 2147483647 48
1 71 1 48
54 100 2147483647 91
1 100 1 91
54 65 2147483647 82
1 65 1 82
54 8 2147483647 40
1 8 1 40
54 16 2147483647 20
1 16 1 20
54 5 2147483647 68
1 5 1 68
54 4 2147483647 46
1 4 1 46
54 73 2147483647 72
1 73 1 72
54 86 2147483647 20
1 86 1 20
54 46 2147483647 58
1 46 1 58
54 45 2147483647 21
1 45 1 21
54 29 2147483647 46
1 29 1 46
54 23 2147483647 84
1 23 1 84
54 36 2147483647 39
1 36 1 39
54 44 2147483647 84
1 44 1 84
54 102 30 0
54 2 2147483647 0
55 57 2147483647 5
1 57 1 5
55 30 2147483647 94
1 30 1 94
55 35 2147483647 34
1 35 1 34
55 27 2147483647 82
1 27 1 82
55 84 2147483647 77
1 84 1 77
55 89 2147483647 96
1 89 1 96
55 20 2147483647 62
1 20 1 62
55 13 2147483647 17
1 13 1 17
55 65 2147483647 67
1 65 1 67
55 96 2147483647 63
1 96 1 63
55 12 2147483647 54
1 12 1 54
55 77 2147483647 47
1 77 1 47
55 79 2147483647 42
1 79 1 42
55 6 2147483647 43
1 6 1 43
55 92 2147483647 27
1 92 1 27
55 21 2147483647 14
1 21 1 14
55 53 2147483647 73
1 53 1 73
55 82 2147483647 11
1 82 1 11
55 40 2147483647 38
1 40 1 38
55 98 2147483647 1
1 98 1 1
55 9 2147483647 58
1 9 1 58
55 61 2147483647 81
1 61 1 81
55 70 2147483647 41
1 70 1 41
55 5 2147483647 73
1 5 1 73
55 7 2147483647 10
1 7 1 10
55 10 2147483647 55
1 10 1 55
55 102 26 0
55 2 2147483647 0
56 82 2147483647 31
1 82 1 31
56 98 2147483647 41
1 98 1 41
56 96 2147483647 46
1 96 1 46
56 79 2147483647 2
1 79 1 2
56 31 2147483647 92
1 31 1 92
56 7 2147483647 36
1 7 1 36
56 91 2147483647 43
1 91 1 43
56 28 2147483647 76
1 28 1 76
56 66 2147483647 70
1 66 1 70
56 89 2147483647 88
1 89 1 88
56 59 2147483647 3
1 59 1 3
56 33 2147483647 72
1 33 1 72
56 55 2147483647 60
1 55 1 60
56 84 2147483647 28
1 84 1 28
56 51 2147483647 34
1 51 1 34
56 70 2147483647 55
1 70 1 55
56 86 2147483647 27
1 86 1 27
56 97 2147483647 96
1 97 1 96
56 29 2147483647 14
1 29 1 14
56 53 2147483647 1
1 53 1 1
56 40 2147483647 82
1 40 1 82
56 57 2147483647 54
1 57 1 54
56 39 2147483647 2
1 39 1 2
56 36 2147483647 53
1 36 1 53
56 75 2147483647 58
1 75 1 58
56 6 2147483647 59
1 6 1 59
56 77 2147483647 50
1 77 1 50
56 101 2147483647 38
1 101 1 38
56 102 28 0
56 2 2147483647 0
57 27 2147483647 26
1 27 1 26
57 100 2147483647 48
1 100 1 48
57 75 2147483647 56
1 75 1 56
57 25 2147483647 33
1 25 1 33
57 39 2147483647 77
1 39 1 77
57 8 2147483647 2
1 8 1 2
57 92 2147483647 54
1 92 1 54
57 30 2147483647 53
1 30 1 53
57 10 2147483647 57
1 10 1 57
57 79 2147483647 32
1 79 1 32
57 73 2147483647 8
1 73 1 8
57 82 2147483647 38
1 82 1 38
57 43 2147483647 72
1 43 1 72
57 35 2147483647 82
1 35 1 82
57 97 2147483647 10
1 97 1 10
57 84 2147483647 72
1 84 1 72
57 96 2147483647 96
1 96 1 96
57 36 2147483647 20
1 36 1 20
57 58 2147483647 62
1 58 1 62
57 102 19 0
57 2 2147483647 0
58 32 2147483647 23
1 32 1 23
58 10 2147483647 100
1 10 1 100
58 65 2147483647 91
1 65 1 91
58 79 2147483647 39
1 79 1 39
58 25 2147483647 8
1 25 1 8
58 98 2147483647 90
1 98 1 90
58 77 2147483647 38
1 77 1 38
58 9 2147483647 18
1 9 1 18
58 8 2147483647 86
1 8 1 86
58 63 2147483647 22
1 63 1 22
58 101 2147483647 6
1 101 1 6
58 92 2147483647 100
1 92 1 100
58 50 2147483647 32
1 50 1 32
58 102 13 0
58 2 2147483647 0
59 45 2147483647 72
1 45 1 72
59 36 2147483647 64
1 36 1 64
59 61 2147483647 12
1 61 1 12
59 28 2147483647 67
1 28 1 67
59 65 2147483647 35
1 65 1 35
59 8 2147483647 13
1 8 1 13
59 35 2147483647 54
1 35 1 54
59 86 2147483647 65
1 86 1 65
59 100 2147483647 22
1 100 1 22
59 91 2147483647 37
1 91 1 37
59 57 2147483647 79
1 57 1 79
59 25 2147483647 4
1 25 1 4
59 84 2147483647 64
1 84 1 64
59 101 2147483647 14
1 101 1 14
59 43 2147483647 82
1 43 1 82
59 96 2147483647 57
1 96 1 57
59 58 2147483647 92
1 58 1 92
59 92 2147483647 41
1 92 1 41
59 33 2147483647 6
1 33 1 6
59 20 2147483647 60
1 20 1 60
59 5 2147483647 80
1 5 1 80
59 79 2147483647 8
1 79 1 8
59 30 2147483647 31
1 30 1 31
59 44 2147483647 11
1 44 1 11
59 75 2147483647 46
1 75 1 46
59 9 2147483647 80
1 9 1 80
59 102 26 0
59 2 2147483647 0
60 23 2147483647 84
1 23 1 84
60 93 2147483647 7
1 93 1 7
60 18 2147483647 24
1 18 1 24
60 16 2147483647 82
1 16 1 82
60 8 2147483647 43
1 8 1 43
60 7 2147483647 81
1 7 1 81
60 69 2147483647 96
1 69 1 96
60 88 2147483647 96
1 88 1 96
60 64 2147483647 51
1 64 1 51
60 32 2147483647 24
1 32 1 24
60 62 2147483647 77
1 62 1 77
60 63 2147483647 36
1 63 1 36
60 75 2147483647 97
1 75 1 97
60 78 2147483647 40
1 78 1 40
60 4 2147483647 6
1 4 1 6
60 95 2147483647 61
1 95 1 61
60 21 2147483647 41
1 21 1 41
60 35 2147483647 19
1 35 1 19
60 29 2147483647 3
1 29 1 3
60 98 2147483647 32
1 98 1 32
60 90 2147483647 6
1 90 1 6
60 56 2147483647 88
1 56 1 88
60 80 2147483647 20
1 80 1 20
60 10 2147483647 51
1 10 1 51
60 51 2147483647 57
1 51 1 57
60 25 2147483647 40
1 25 1 40
60 14 2147483647 21
1 14 1 21
60 3 2147483647 64
1 3 1 64
60 43 2147483647 27
1 43 1 27
60 55 2147483647 79
1 55 1 79
60 102 30 0
60 2 2147483647 0
61 91 2147483647 7
1 91 1 7
61 25 2147483647 73
1 25 1 73
61 58 2147483647 46
1 58 1 46
61 5 2147483647 76
1 5 1 76
61 29 2147483647 62
1 29 1 62
61 39 2147483647 87
1 39 1 87
61 20 2147483647 54
1 20 1 54
61 70 2147483647 56
1 70 1 56
61 15 2147483647 19
1 15 1 19
61 101 2147483647 84
1 101 1 84
61 8 2147483647 7
1 8 1 7
61 86 2147483647 18
1 86 1 18
61 36 2147483647 81
1 36 1 81
61 98 2147483647 40
1 98 1 40
61 40 2147483647 69
1 40 1 69
61 30 2147483647 4
1 30 1 4
61 49 2147483647 18
1 49 1 18
61 35 2147483647 55
1 35 1 55
61 53 2147483647 40
1 53 1 40
61 28 2147483647 53
1 28 1 53
61 10 2147483647 18
1 10 1 18
61 82 2147483647 100
1 82 1 100
61 100 2147483647 22
1 100 1 22
61 66 2147483647 78
1 66 1 78
61 45 2147483647 27
1 45 1 27
61 102 25 0
61 2 2147483647 0
62 35 2147483647 32
1 35 1 32
62 10 2147483647 14
1 10 1 14
62 33 2147483647 37
1 33 1 37
62 21 2147483647 25
1 21 1 25
62 57 2147483647 16
1 57 1 16
62 29 2147483647 93
1 29 1 93
62 100 2147483647 51
1 100 1 51
62 40 2147483647 98
1 40 1 98
62 53 2147483647 44
1 53 1 44
62 92 2147483647 22
1 92 1 22
62 64 2147483647 39
1 64 1 39
62 49 2147483647 11
1 49 1 11
62 36 2147483647 10
1 36 1 10
62 83 2147483647 48
1 83 1 48
62 65 2147483647 86
1 65 1 86
62 12 2147483647 20
1 12 1 20
62 13 2147483647 81
1 13 1 81
62 31 2147483647 13
1 31 1 13
62 78 2147483647 96
1 78 1 96
62 101 2147483647 49
1 101 1 49
62 8 2147483647 38
1 8 1 38
62 97 2147483647 36
1 97 1 36
62 7 2147483647 33
1 7 1 33
62 69 2147483647 17
1 69 1 17
62 9 2147483647 16
1 9 1 16
62 80 2147483647 49
1 80 1 49
62 63 2147483647 43
1 63 1 43
62 61 2147483647 51
1 61 1 51
62 66 2147483647 18
1 66 1 18
62 46 2147483647 56
1 46 1 56
62 102 30 0
62 2 2147483647 0
63 32 2147483647 35
1 32 1 35
63 46 2147483647 69
1 46 1 69
63 51 2147483647 88
1 51 1 88
63 82 2147483647 74
1 82 1 74
63 77 2147483647 35
1 77 1 35
63 9 2147483647 72
1 9 1 72
63 49 2147483647 88
1 49 1 88
63 102 7 0
63 2 2147483647 0
64 15 2147483647 5
1 15 1 5
64 57 2147483647 71
1 57 1 71
64 36 2147483647 45
1 36 1 45
64 98 2147483647 29
1 98 1 29
64 70 2147483647 58
1 70 1 58
64 65 2147483647 16
1 65 1 16
64 3 2147483647 72
1 3 1 72
64 5 2147483647 98
1 5 1 98
64 82 2147483647 34
1 82 1 34
64 51 2147483647 36
1 51 1 36
64 20 2147483647 26
1 20 1 26
64 92 2147483647 1
1 92 1 1
64 66 2147483647 86
1 66 1 86
64 25 2147483647 8
1 25 1 8
64 97 2147483647 93
1 97 1 93
64 9 2147483647 61
1 9 1 61
64 13 2147483647 5
1 13 1 5
64 49 2147483647 58
1 49 1 58
64 61 2147483647 93
1 61 1 93
64 44 2147483647 30
1 44 1 30
64 58 2147483647 86
1 58 1 86
64 39 2147483647 99
1 39 1 99
64 86 2147483647 26
1 86 1 26
64 33 2147483647 63
1 33 1 63
64 73 2147483647 94
1 73 1 94
64 69 2147483647 49
1 69 1 49
64 77 2147483647 55
1 77 1 55
64 75 2147483647 38
1 75 1 38
64 56 2147483647 48
1 56 1 48
64 102 29 0
64 2 2147483647 0
65 79 2147483647 30
1 79 1 30
65 32 2147483647 53
1 32 1 53
65 102 2 0
65 2 2147483647 0
66 20 2147483647 7
1 20 1 7
66 9 2147483647 43
1 9 1 43
66 35 2147483647 27
1 35 1 27
66 91 2147483647 46
1 91 1 46
66 100 2147483647 11
1 100 1 11
66 25 2147483647 68
1 25 1 68
66 28 2147483647 59
1 28 1 59
66 77 2147483647 16
1 77 1 16
66 39 2147483647 28
1 39 1 28
66 65 2147483647 89
1 65 1 89
66 58 2147483647 65
1 58 1 65
66 13 2147483647 38
1 13 1 38
66 21 2147483647 42
1 21 1 42
66 84 2147483647 55
1 84 1 55
66 33 2147483647 6
1 33 1 6
66 75 2147483647 78
1 75 1 78
66 101 2147483647 58
1 101 1 58
66 36 2147483647 7
1 36 1 7
66 70 2147483647 88
1 70 1 88
66 82 2147483647 79
1 82 1 79
66 45 2147483647 38
1 45 1 38
66 46 2147483647 81
1 46 1 81
66 86 2147483647 84
1 86 1 84
66 98 2147483647 68
1 98 1 68
66 102 24 0
66 2 2147483647 0
67 76 2147483647 11
1 76 1 11
67 72 2147483647 97
1 72 1 97
67 87 2147483647 19
1 87 1 19
67 99 2147483647 12
1 99 1 12
67 83 2147483647 86
1 83 1 86
67 84 2147483647 44
1 84 1 44
67 6 2147483647 15
1 6 1 15
67 25 2147483647 81
1 25 1 81
67 13 2147483647 74
1 13 1 74
67 75 2147483647 39
1 75 1 39
67 58 2147483647 14
1 58 1 14
67 63 2147483647 13
1 63 1 13
67 17 2147483647 58
1 17 1 58
67 7 2147483647 76
1 7 1 76
67 78 2147483647 69
1 78 1 69
67 41 2147483647 28
1 41 1 28
67 62 2147483647 8
1 62 1 8
67 33 2147483647 15
1 33 1 15
67 71 2147483647 14
1 71 1 14
67 14 2147483647 59
1 14 1 59
67 60 2147483647 72
1 60 1 72
67 80 2147483647 52
1 80 1 52
67 54 2147483647 17
1 54 1 17
67 69 2147483647 79
1 69 1 79
67 30 2147483647 14
1 30 1 14
67 101 2147483647 34
1 101 1 34
67 77 2147483647 46
1 77 1 46
67 65 2147483647 72
1 65 1 72
67 61 2147483647 8
1 61 1 8
67 88 2147483647 78
1 88 1 78
67 102 30 0
67 2 2147483647 0
68 102 0 0
68 2 2147483647 0
69 33 2147483647 32
1 33 1 32
69 101 2147483647 66
1 101 1 66
69 29 2147483647 86
1 29 1 86
69 32 2147483647 97
1 32 1 97
69 100 2147483647 21
1 100 1 21
69 65 2147483647 71
1 65 1 71
69 56 2147483647 76
1 56 1 76
69 10 2147483647 48
1 10 1 48
69 61 2147483647 13
1 61 1 13
69 20 2147483647 34
1 20 1 34
69 88 2147483647 12
1 88 1 12
69 57 2147483647 64
1 57 1 64
69 14 2147483647 60
1 14 1 60
69 58 2147483647 9
1 58 1 9
69 36 2147483647 47
1 36 1 47
69 98 2147483647 62
1 98 1 62
69 63 2147483647 58
1 63 1 58
69 31 2147483647 89
1 31 1 89
69 43 2147483647 99
1 43 1 99
69 59 2147483647 19
1 59 1 19
69 89 2147483647 84
1 89 1 84
69 86 2147483647 80
1 86 1 80
69 70 2147483647 42
1 70 1 42
69 55 2147483647 93
1 55 1 93
69 53 2147483647 33
1 53 1 33
69 50 2147483647 92
1 50 1 92
69 8 2147483647 49
1 8 1 49
69 66 2147483647 2
1 66 1 2
69 7 2147483647 51
1 7 1 51
69 35 2147483647 76
1 35 1 76
69 102 30 0
69 2 2147483647 0
70 98 2147483647 10
1 98 1 10
70 8 2147483647 92
1 8 1 92
70 79 2147483647 46
1 79 1 46
70 65 2147483647 14
1 65 1 14
70 32 2147483647 70
1 32 1 70
70 46 2147483647 65
1 46 1 65
70 9 2147483647 34
1 9 1 34
70 102 7 0
70 2 2147483647 0
71 69 2147483647 95
1 69 1 95
71 86 2147483647 100
1 86 1 100
71 88 2147483647 44
1 88 1 44
71 3 2147483647 79
1 3 1 79
71 62 2147483647 38
1 62 1 38
71 59 2147483647 5
1 59 1 5
71 75 2147483647 32
1 75 1 32
71 63 2147483647 72
1 63 1 72
71 39 2147483647 70
1 39 1 70
71 13 2147483647 83
1 13 1 83
71 89 2147483647 18
1 89 1 18
71 31 2147483647 53
1 31 1 53
71 83 2147483647 93
1 83 1 93
71 53 2147483647 48
1 53 1 48
71 10 2147483647 93
1 10 1 93
71 45 2147483647 54
1 45 1 54
71 18 2147483647 8
1 18 1 8
71 58 2147483647 45
1 58 1 45
71 98 2147483647 39
1 98 1 39
71 92 2147483647 48
1 92 1 48
71 79 2147483647 12
1 79 1 12
71 33 2147483647 42
1 33 1 42
71 36 2147483647 8
1 36 1 8
71 51 2147483647 79
1 51 1 79
71 96 2147483647 45
1 96 1 45
71 56 2147483647 62
1 56 1 62
71 23 2147483647 78
1 23 1 78
71 9 2147483647 60
1 9 1 60
71 44 2147483647 41
1 44 1 41
71 61 2147483647 96
1 61 1 96
71 102 30 0
71 2 2147483647 0
72 55 2147483647 86
1 55 1 86
72 5 2147483647 46
1 5 1 46
72 101 2147483647 33
1 101 1 33
72 36 2147483647 27
1 36 1 27
72 59 2147483647 28
1 59 1 28
72 46 2147483647 77
1 46 1 77
72 71 2147483647 63
1 71 1 63
72 54 2147483647 43
1 54 1 43
72 13 2147483647 38
1 13 1 38
72 43 2147483647 66
1 43 1 66
72 16 2147483647 63
1 16 1 63
72 92 2147483647 98
1 92 1 98
72 84 2147483647 44
1 84 1 44
72 99 2147483647 86
1 99 1 86
72 20 2147483647 51
1 20 1 51
72 89 2147483647 30
1 89 1 30
72 87 2147483647 70
1 87 1 70
72 88 2147483647 88
1 88 1 88
72 10 2147483647 50
1 10 1 50
72 60 2147483647 83
1 60 1 83
72 90 2147483647 52
1 90 1 52
72 11 2147483647 73
1 11 1 73
72 29 2147483647 99
1 29 1 99
72 47 2147483647 55
1 47 1 55
72 15 2147483647 22
1 15 1 22
72 83 2147483647 8
1 83 1 8
72 8 2147483647 74
1 8 1 74
72 9 2147483647 27
1 9 1 27
72 23 2147483647 74
1 23 1 74
72 53 2147483647 33
1 53 1 33
72 102 30 0
72 2 2147483647 0
73 21 2147483647 71
1 21 1 71
73 36 2147483647 59
1 36 1 59
73 35 2147483647 15
1 35 1 15
73 77 2147483647 7
1 77 1 7
73 58 2147483647 88
1 58 1 88
73 43 2147483647 7
1 43 1 7
73 9 2147483647 74
1 9 1 74
73 53 2147483647 46
1 53 1 46
73 84 2147483647 36
1 84 1 36
73 75 2147483647 82
1 75 1 82
73 46 2147483647 89
1 46 1 89
73 33 2147483647 22
1 33 1 22
73 91 2147483647 40
1 91 1 40
73 79 2147483647 97
1 79 1 97
73 50 2147483647 40
1 50 1 40
73 29 2147483647 24
1 29 1 24
73 20 2147483647 96
1 20 1 96
73 92 2147483647 69
1 92 1 69
73 15 2147483647 81
1 15 1 81
73 89 2147483647 33
1 89 1 33
73 70 2147483647 65
1 70 1 65
73 49 2147483647 55
1 49 1 55
73 65 2147483647 57
1 65 1 57
73 98 2147483647 12
1 98 1 12
73 30 2147483647 17
1 30 1 17
73 51 2147483647 50
1 51 1 50
73 102 26 0
73 2 2147483647 0
74 11 2147483647 85
1 11 1 85
74 29 2147483647 16
1 29 1 16
74 65 2147483647 23
1 65 1 23
74 15 2147483647 92
1 15 1 92
74 93 2147483647 37
1 93 1 37
74 63 2147483647 89
1 63 1 89
74 58 2147483647 42
1 58 1 42
74 67 2147483647 41
1 67 1 41
74 31 2147483647 63
1 31 1 63
74 42 2147483647 33
1 42 1 33
74 3 2147483647 48
1 3 1 48
74 82 2147483647 8
1 82 1 8
74 44 2147483647 26
1 44 1 26
74 17 2147483647 14
1 17 1 14
74 91 2147483647 83
1 91 1 83
74 69 2147483647 33
1 69 1 33
74 101 2147483647 27
1 101 1 27
74 66 2147483647 55
1 66 1 55
74 60 2147483647 21
1 60 1 21
74 47 2147483647 98
1 47 1 98
74 18 2147483647 57
1 18 1 57
74 28 2147483647 47
1 28 1 47
74 9 2147483647 70
1 9 1 70
74 57 2147483647 26
1 57 1 26
74 71 2147483647 98
1 71 1 98
74 83 2147483647 32
1 83 1 32
74 59 2147483647 17
1 59 1 17
74 45 2147483647 34
1 45 1 34
74 96 2147483647 45
1 96 1 45
74 52 2147483647 13
1 52 1 13
74 102 30 0
74 2 2147483647 0
75 70 2147483647 58
1 70 1 58
75 8 2147483647 44
1 8 1 44
75 65 2147483647 65
1 65 1 65
75 91 2147483647 93
1 91 1 93
75 21 2147483647 43
1 21 1 43
75 98 2147483647 70
1 98 1 70
75 20 2147483647 73
1 20 1 73
75 46 2147483647 16
1 46 1 16
75 9 2147483647 9
1 9 1 9
75 5 2147483647 64
1 5 1 64
75 36 2147483647 5
1 36 1 5
75 43 2147483647 3
1 43 1 3
75 35 2147483647 58
1 35 1 58
75 89 2147483647 29
1 89 1 29
75 101 2147483647 72
1 101 1 72
75 25 2147483647 89
1 25 1 89
75 84 2147483647 98
1 84 1 98
75 92 2147483647 33
1 92 1 33
75 102 18 0
75 2 2147483647 0
76 53 2147483647 61
1 53 1 61
76 8 2147483647 74
1 8 1 74
76 6 2147483647 89
1 6 1 89
76 33 2147483647 46
1 33 1 46
76 4 2147483647 57
1 4 1 57
76 78 2147483647 41
1 78 1 41
76 59 2147483647 77
1 59 1 77
76 64 2147483647 31
1 64 1 31
76 79 2147483647 39
1 79 1 39
76 65 2147483647 43
1 65 1 43
76 36 2147483647 35
1 36 1 35
76 12 2147483647 93
1 12 1 93
76 7 2147483647 60
1 7 1 60
76 10 2147483647 48
1 10 1 48
76 57 2147483647 83
1 57 1 83
76 13 2147483647 86
1 13 1 86
76 31 2147483647 100
1 31 1 100
76 75 2147483647 4
1 75 1 4
76 21 2147483647 47
1 21 1 47
76 72 2147483647 81
1 72 1 81
76 29 2147483647 81
1 29 1 81
76 17 2147483647 26
1 17 1 26
76 84 2147483647 79
1 84 1 79
76 46 2147483647 31
1 46 1 31
76 92 2147483647 30
1 92 1 30
76 56 2147483647 98
1 56 1 98
76 62 2147483647 23
1 62 1 23
76 98 2147483647 40
1 98 1 40
76 22 2147483647 84
1 22 1 84
76 16 2147483647 40
1 16 1 40
76 102 30 0
76 2 2147483647 0
77 32 2147483647 77
1 32 1 77
77 9 2147483647 55
1 9 1 55
77 46 2147483647 15
1 46 1 15
77 79 2147483647 39
1 79 1 39
77 70 2147483647 75
1 70 1 75
77 92 2147483647 26
1 92 1 26
77 98 2147483647 63
1 98 1 63
77 20 2147483647 34
1 20 1 34
77 102 8 0
77 2 2147483647 0
78 63 2147483647 98
1 63 1 98
78 89 2147483647 19
1 89 1 19
78 88 2147483647 40
1 88 1 40
78 98 2147483647 18
1 98 1 18
78 6 2147483647 90
1 6 1 90
78 66 2147483647 89
1 66 1 89
78 65 2147483647 41
1 65 1 41
78 35 2147483647 87
1 35 1 87
78 15 2147483647 3
1 15 1 3
78 12 2147483647 85
1 12 1 85
78 64 2147483647 11
1 64 1 11
78 52 2147483647 52
1 52 1 52
78 44 2147483647 2
1 44 1 2
78 53 2147483647 61
1 53 1 61
78 13 2147483647 84
1 13 1 84
78 20 2147483647 67
1 20 1 67
78 9 2147483647 41
1 9 1 41
78 75 2147483647 59
1 75 1 59
78 40 2147483647 83
1 40 1 83
78 45 2147483647 91
1 45 1 91
78 57 2147483647 46
1 57 1 46
78 70 2147483647 41
1 70 1 41
78 69 2147483647 15
1 69 1 15
78 43 2147483647 72
1 43 1 72
78 90 2147483647 55
1 90 1 55
78 80 2147483647 13
1 80 1 13
78 96 2147483647 70
1 96 1 70
78 3 2147483647 1
1 3 1 1
78 25 2147483647 95
1 25 1 95
78 102 29 0
78 2 2147483647 0
79 98 2147483647 42
1 98 1 42
79 49 2147483647 38
1 49 1 38
79 20 2147483647 71
1 20 1 71
79 32 2147483647 71
1 32 1 71
79 102 4 0
79 2 2147483647 0
80 6 2147483647 34
1 6 1 34
80 53 2147483647 14
1 53 1 14
80 35 2147483647 43
1 35 1 43
80 3 2147483647 50
1 3 1 50
80 9 2147483647 77
1 9 1 77
80 45 2147483647 68
1 45 1 68
80 32 2147483647 35
1 32 1 35
80 50 2147483647 17
1 50 1 17
80 98 2147483647 2
1 98 1 2
80 43 2147483647 3
1 43 1 3
80 75 2147483647 68
1 75 1 68
80 15 2147483647 13
1 15 1 13
80 86 2147483647 7
1 86 1 7
80 30 2147483647 90
1 30 1 90
80 73 2147483647 7
1 73 1 7
80 89 2147483647 57
1 89 1 57
80 46 2147483647 93
1 46 1 93
80 79 2147483647 61
1 79 1 61
80 29 2147483647 34
1 29 1 34
80 100 2147483647 76
1 100 1 76
80 31 2147483647 94
1 31 1 94
80 55 2147483647 72
1 55 1 72
80 5 2147483647 26
1 5 1 26
80 91 2147483647 79
1 91 1 79
80 12 2147483647 77
1 12 1 77
80 25 2147483647 51
1 25 1 51
80 101 2147483647 26
1 101 1 26
80 7 2147483647 90
1 7 1 90
80 14 2147483647 54
1 14 1 54
80 102 29 0
80 2 2147483647 0
81 94 2147483647 14
1 94 1 14
81 17 2147483647 77
1 17 1 77
81 91 2147483647 59
1 91 1 59
81 55 2147483647 74
1 55 1 74
81 68 2147483647 8
1 68 1 8
81 63 2147483647 79
1 63 1 79
81 100 2147483647 47
1 100 1 47
81 69 2147483647 66
1 69 1 66
81 84 2147483647 66
1 84 1 66
81 10 2147483647 12
1 10 1 12
81 41 2147483647 28
1 41 1 28
81 59 2147483647 41
1 59 1 41
81 30 2147483647 32
1 30 1 32
81 76 2147483647 88
1 76 1 88
81 92 2147483647 24
1 92 1 24
81 51 2147483647 9
1 51 1 9
81 53 2147483647 46
1 53 1 46
81 66 2147483647 85
1 66 1 85
81 98 2147483647 59
1 98 1 59
81 99 2147483647 48
1 99 1 48
81 90 2147483647 10
1 90 1 10
81 23 2147483647 2
1 23 1 2
81 54 2147483647 20
1 54 1 20
81 80 2147483647 76
1 80 1 76
81 93 2147483647 62
1 93 1 62
81 6 2147483647 38
1 6 1 38
81 79 2147483647 1
1 79 1 1
81 31 2147483647 27
1 31 1 27
81 70 2147483647 51
1 70 1 51
81 52 2147483647 10
1 52 1 10
81 102 30 0
81 2 2147483647 0
82 98 2147483647 68
1 98 1 68
82 9 2147483647 58
1 9 1 58
82 70 2147483647 90
1 70 1 90
82 43 2147483647 32
1 43 1 32
82 32 2147483647 32
1 32 1 32
82 8 2147483647 84
1 8 1 84
82 102 6 0
82 2 2147483647 0
83 41 2147483647 65
1 41 1 65
83 61 2147483647 71
1 61 1 71
83 6 2147483647 20
1 6 1 20
83 80 2147483647 55
1 80 1 55
83 49 2147483647 95
1 49 1 95
83 21 2147483647 5
1 21 1 5
83 56 2147483647 69
1 56 1 69
83 50 2147483647 77
1 50 1 77
83 101 2147483647 92
1 101 1 92
83 63 2147483647 4
1 63 1 4
83 7 2147483647 44
1 7 1 44
83 59 2147483647 16
1 59 1 16
83 12 2147483647 52
1 12 1 52
83 96 2147483647 74
1 96 1 74
83 86 2147483647 46
1 86 1 46
83 30 2147483647 96
1 30 1 96
83 16 2147483647 40
1 16 1 40
83 84 2147483647 12
1 84 1 12
83 57 2147483647 25
1 57 1 25
83 13 2147483647 1
1 13 1 1
83 31 2147483647 54
1 31 1 54
83 55 2147483647 9
1 55 1 9
83 91 2147483647 29
1 91 1 29
83 51 2147483647 13
1 51 1 13
83 100 2147483647 86
1 100 1 86
83 35 2147483647 33
1 35 1 33
83 5 2147483647 78
1 5 1 78
83 66 2147483647 100
1 66 1 100
83 39 2147483647 77
1 39 1 77
83 27 2147483647 93
1 27 1 93
83 102 30 0
83 2 2147483647 0
84 63 2147483647 24
1 63 1 24
84 43 2147483647 33
1 43 1 33
84 32 2147483647 51
1 32 1 51
84 21 2147483647 83
1 21 1 83
84 50 2147483647 17
1 50 1 17
84 51 2147483647 37
1 51 1 37
84 8 2147483647 50
1 8 1 50
84 29 2147483647 27
1 29 1 27
84 65 2147483647 33
1 65 1 33
84 9 2147483647 68
1 9 1 68
84 102 10 0
84 2 2147483647 0
85 24 2147483647 71
1 24 1 71
85 34 2147483647 28
1 34 1 28
85 37 2147483647 52
1 37 1 52
85 77 2147483647 94
1 77 1 94
85 74 2147483647 2
1 74 1 2
85 52 2147483647 75
1 52 1 75
85 59 2147483647 11
1 59 1 11
85 33 2147483647 60
1 33 1 60
85 58 2147483647 64
1 58 1 64
85 21 2147483647 87
1 21 1 87
85 92 2147483647 98
1 92 1 98
85 49 2147483647 64
1 49 1 64
85 88 2147483647 7
1 88 1 7
85 45 2147483647 100
1 45 1 100
85 7 2147483647 21
1 7 1 21
85 78 2147483647 65
1 78 1 65
85 91 2147483647 43
1 91 1 43
85 5 2147483647 89
1 5 1 89
85 98 2147483647 35
1 98 1 35
85 73 2147483647 40
1 73 1 40
85 40 2147483647 1
1 40 1 1
85 80 2147483647 75
1 80 1 75
85 97 2147483647 24
1 97 1 24
85 67 2147483647 87
1 67 1 87
85 81 2147483647 53
1 81 1 53
85 8 2147483647 82
1 8 1 82
85 64 2147483647 12
1 64 1 12
85 100 2147483647 67
1 100 1 67
85 68 2147483647 19
1 68 1 19
85 43 2147483647 23
1 43 1 23
85 102 30 0
85 2 2147483647 0
86 10 2147483647 46
1 10 1 46
86 77 2147483647 77
1 77 1 77
86 91 2147483647 4
1 91 1 4
86 84 2147483647 86
1 84 1 86
86 12 2147483647 12
1 12 1 12
86 28 2147483647 26
1 28 1 26
86 82 2147483647 77
1 82 1 77
86 35 2147483647 39
1 35 1 39
86 58 2147483647 76
1 58 1 76
86 98 2147483647 90
1 98 1 90
86 70 2147483647 43
1 70 1 43
86 32 2147483647 79
1 32 1 79
86 40 2147483647 70
1 40 1 70
86 21 2147483647 76
1 21 1 76
86 8 2147483647 11
1 8 1 11
86 13 2147483647 10
1 13 1 10
86 49 2147483647 46
1 49 1 46
86 101 2147483647 86
1 101 1 86
86 36 2147483647 64
1 36 1 64
86 33 2147483647 84
1 33 1 84
86 102 20 0
86 2 2147483647 0
87 70 2147483647 39
1 70 1 39
87 41 2147483647 91
1 41 1 91
87 46 2147483647 76
1 46 1 76
87 88 2147483647 52
1 88 1 52
87 83 2147483647 69
1 83 1 69
87 31 2147483647 15
1 31 1 15
87 35 2147483647 17
1 35 1 17
87 77 2147483647 67
1 77 1 67
87 10 2147483647 17
1 10 1 17
87 89 2147483647 96
1 89 1 96
87 15 2147483647 96
1 15 1 96
87 79 2147483647 14
1 79 1 14
87 16 2147483647 12
1 16 1 12
87 57 2147483647 83
1 57 1 83
87 101 2147483647 98
1 101 1 98
87 97 2147483647 20
1 97 1 20
87 95 2147483647 52
1 95 1 52
87 7 2147483647 41
1 7 1 41
87 21 2147483647 90
1 21 1 90
87 3 2147483647 35
1 3 1 35
87 60 2147483647 84
1 60 1 84
87 98 2147483647 100
1 98 1 100
87 75 2147483647 94
1 75 1 94
87 65 2147483647 1
1 65 1 1
87 58 2147483647 91
1 58 1 91
87 6 2147483647 60
1 6 1 60
87 93 2147483647 85
1 93 1 85
87 86 2147483647 72
1 86 1 72
87 14 2147483647 87
1 14 1 87
87 32 2147483647 40
1 32 1 40
87 102 30 0
87 2 2147483647 0
88 84 2147483647 84
1 84 1 84
88 66 2147483647 66
1 66 1 66
88 32 2147483647 42
1 32 1 42
88 100 2147483647 77
1 100 1 77
88 27 2147483647 51
1 27 1 51
88 49 2147483647 53
1 49 1 53
88 75 2147483647 95
1 75 1 95
88 98 2147483647 61
1 98 1 61
88 91 2147483647 58
1 91 1 58
88 13 2147483647 74
1 13 1 74
88 9 2147483647 48
1 9 1 48
88 79 2147483647 67
1 79 1 67
88 8 2147483647 42
1 8 1 42
88 92 2147483647 27
1 92 1 27
88 35 2147483647 51
1 35 1 51
88 33 2147483647 36
1 33 1 36
88 36 2147483647 2
1 36 1 2
88 101 2147483647 4
1 101 1 4
88 50 2147483647 44
1 50 1 44
88 10 2147483647 80
1 10 1 80
88 58 2147483647 95
1 58 1 95
88 51 2147483647 4
1 51 1 4
88 53 2147483647 36
1 53 1 36
88 39 2147483647 15
1 39 1 15
88 28 2147483647 18
1 28 1 18
88 15 2147483647 14
1 15 1 14
88 46 2147483647 8
1 46 1 8
88 21 2147483647 74
1 21 1 74
88 102 28 0
88 2 2147483647 0
89 20 2147483647 38
1 20 1 38
89 46 2147483647 51
1 46 1 51
89 36 2147483647 7
1 36 1 7
89 58 2147483647 27
1 58 1 27
89 43 2147483647 99
1 43 1 99
89 101 2147483647 85
1 101 1 85
89 49 2147483647 32
1 49 1 32
89 8 2147483647 74
1 8 1 74
89 50 2147483647 27
1 50 1 27
89 84 2147483647 86
1 84 1 86
89 77 2147483647 68
1 77 1 68
89 29 2147483647 89
1 29 1 89
89 79 2147483647 63
1 79 1 63
89 32 2147483647 87
1 32 1 87
89 9 2147483647 29
1 9 1 29
89 102 15 0
89 2 2147483647 0
90 57 2147483647 16
1 57 1 16
90 5 2147483647 14
1 5 1 14
90 43 2147483647 73
1 43 1 73
90 65 2147483647 60
1 65 1 60
90 32 2147483647 46
1 32 1 46
90 97 2147483647 84
1 97 1 84
90 80 2147483647 19
1 80 1 19
90 98 2147483647 90
1 98 1 90
90 35 2147483647 50
1 35 1 50
90 9 2147483647 85
1 9 1 85
90 3 2147483647 15
1 3 1 15
90 25 2147483647 20
1 25 1 20
90 14 2147483647 19
1 14 1 19
90 77 2147483647 75
1 77 1 75
90 66 2147483647 93
1 66 1 93
90 44 2147483647 31
1 44 1 31
90 59 2147483647 49
1 59 1 49
90 92 2147483647 86
1 92 1 86
90 82 2147483647 57
1 82 1 57
90 16 2147483647 76
1 16 1 76
90 100 2147483647 74
1 100 1 74
90 28 2147483647 57
1 28 1 57
90 79 2147483647 49
1 79 1 49
90 53 2147483647 52
1 53 1 52
90 51 2147483647 90
1 51 1 90
90 39 2147483647 15
1 39 1 15
90 7 2147483647 45
1 7 1 45
90 102 27 0
90 2 2147483647 0
91 70 2147483647 70
1 70 1 70
91 98 2147483647 56
1 98 1 56
91 10 2147483647 62
1 10 1 62
91 25 2147483647 87
1 25 1 87
91 82 2147483647 58
1 82 1 58
91 43 2147483647 100
1 43 1 100
91 35 2147483647 84
1 35 1 84
91 92 2147483647 3
1 92 1 3
91 50 2147483647 72
1 50 1 72
91 12 2147483647 50
1 12 1 50
91 21 2147483647 69
1 21 1 69
91 32 2147483647 58
1 32 1 58
91 101 2147483647 47
1 101 1 47
91 20 2147483647 81
1 20 1 81
91 102 14 0
91 2 2147483647 0
92 9 2147483647 32
1 9 1 32
92 70 2147483647 54
1 70 1 54
92 98 2147483647 49
1 98 1 49
92 46 2147483647 94
1 46 1 94
92 79 2147483647 25
1 79 1 25
92 102 5 0
92 2 2147483647 0
93 16 2147483647 94
1 16 1 94
93 77 2147483647 99
1 77 1 99
93 91 2147483647 9
1 91 1 9
93 21 2147483647 70
1 21 1 70
93 83 2147483647 52
1 83 1 52
93 66 2147483647 74
1 66 1 74
93 101 2147483647 42
1 101 1 42
93 36 2147483647 17
1 36 1 17
93 63 2147483647 99
1 63 1 99
93 4 2147483647 7
1 4 1 7
93 51 2147483647 77
1 51 1 77
93 86 2147483647 95
1 86 1 95
93 71 2147483647 60
1 71 1 60
93 29 2147483647 51
1 29 1 51
93 43 2147483647 84
1 43 1 84
93 65 2147483647 17
1 65 1 17
93 23 2147483647 42
1 23 1 42
93 6 2147483647 22
1 6 1 22
93 80 2147483647 24
1 80 1 24
93 46 2147483647 90
1 46 1 90
93 5 2147483647 65
1 5 1 65
93 50 2147483647 31
1 50 1 31
93 18 2147483647 37
1 18 1 37
93 70 2147483647 53
1 70 1 53
93 27 2147483647 28
1 27 1 28
93 90 2147483647 99
1 90 1 99
93 9 2147483647 37
1 9 1 37
93 3 2147483647 17
1 3 1 17
93 33 2147483647 37
1 33 1 37
93 84 2147483647 58
1 84 1 58
93 102 30 0
93 2 2147483647 0
94 68 2147483647 98
1 68 1 98
94 74 2147483647 98
1 74 1 98
94 96 2147483647 15
1 96 1 15
94 33 2147483647 40
1 33 1 40
94 16 2147483647 67
1 16 1 67
94 84 2147483647 95
1 84 1 95
94 13 2147483647 96
1 13 1 96
94 19 2147483647 10
1 19 1 10
94 77 2147483647 66
1 77 1 66
94 59 2147483647 36
1 59 1 36
94 53 2147483647 50
1 53 1 50
94 61 2147483647 98
1 61 1 98
94 83 2147483647 66
1 83 1 66
94 44 2147483647 55
1 44 1 55
94 39 2147483647 34
1 39 1 34
94 20 2147483647 75
1 20 1 75
94 43 2147483647 69
1 43 1 69
94 92 2147483647 45
1 92 1 45
94 78 2147483647 3
1 78 1 3
94 31 2147483647 83
1 31 1 83
94 97 2147483647 60
1 97 1 60
94 62 2147483647 3
1 62 1 3
94 15 2147483647 66
1 15 1 66
94 47 2147483647 85
1 47 1 85
94 38 2147483647 7
1 38 1 7
94 45 2147483647 76
1 45 1 76
94 12 2147483647 18
1 12 1 18
94 11 2147483647 46
1 11 1 46
94 49 2147483647 91
1 49 1 91
94 5 2147483647 100
1 5 1 100
94 102 30 0
94 2 2147483647 0
95 80 2147483647 64
1 80 1 64
95 96 2147483647 68
1 96 1 68
95 89 2147483647 27
1 89 1 27
95 10 2147483647 68
1 10 1 68
95 75 2147483647 33
1 75 1 33
95 15 2147483647 92
1 15 1 92
95 52 2147483647 29
1 52 1 29
95 97 2147483647 27
1 97 1 27
95 30 2147483647 32
1 30 1 32
95 28 2147483647 40
1 28 1 40
95 33 2147483647 38
1 33 1 38
95 70 2147483647 58
1 70 1 58
95 98 2147483647 28
1 98 1 28
95 21 2147483647 65
1 21 1 65
95 65 2147483647 22
1 65 1 22
95 100 2147483647 85
1 100 1 85
95 7 2147483647 4
1 7 1 4
95 88 2147483647 93
1 88 1 93
95 63 2147483647 86
1 63 1 86
95 66 2147483647 33
1 66 1 33
95 43 2147483647 71
1 43 1 71
95 27 2147483647 27
1 27 1 27
95 82 2147483647 11
1 82 1 11
95 84 2147483647 66
1 84 1 66
95 64 2147483647 18
1 64 1 18
95 45 2147483647 77
1 45 1 77
95 61 2147483647 97
1 61 1 97
95 5 2147483647 20
1 5 1 20
95 83 2147483647 9
1 83 1 9
95 57 2147483647 12
1 57 1 12
95 102 30 0
95 2 2147483647 0
96 32 2147483647 64
1 32 1 64
96 49 2147483647 6
1 49 1 6
96 58 2147483647 14
1 58 1 14
96 5 2147483647 29
1 5 1 29
96 33 2147483647 50
1 33 1 50
96 101 2147483647 55
1 101 1 55
96 65 2147483647 64
1 65 1 64
96 25 2147483647 43
1 25 1 43
96 84 2147483647 91
1 84 1 91
96 50 2147483647 48
1 50 1 48
96 43 2147483647 63
1 43 1 63
96 40 2147483647 52
1 40 1 52
96 86 2147483647 4
1 86 1 4
96 89 2147483647 85
1 89 1 85
96 15 2147483647 57
1 15 1 57
96 35 2147483647 61
1 35 1 61
96 66 2147483647 73
1 66 1 73
96 29 2147483647 20
1 29 1 20
96 21 2147483647 32
1 21 1 32
96 77 2147483647 52
1 77 1 52
96 73 2147483647 52
1 73 1 52
96 92 2147483647 12
1 92 1 12
96 10 2147483647 75
1 10 1 75
96 28 2147483647 79
1 28 1 79
96 53 2147483647 96
1 53 1 96
96 8 2147483647 81
1 8 1 81
96 30 2147483647 10
1 30 1 10
96 45 2147483647 95
1 45 1 95
96 36 2147483647 45
1 36 1 45
96 102 29 0
96 2 2147483647 0
97 30 2147483647 88
1 30 1 88
97 32 2147483647 95
1 32 1 95
97 61 2147483647 43
1 61 1 43
97 15 2147483647 13
1 15 1 13
97 12 2147483647 25
1 12 1 25
97 98 2147483647 40
1 98 1 40
97 46 2147483647 37
1 46 1 37
97 5 2147483647 37
1 5 1 37
97 8 2147483647 8
1 8 1 8
97 82 2147483647 43
1 82 1 43
97 25 2147483647 51
1 25 1 51
97 39 2147483647 8
1 39 1 8
97 50 2147483647 12
1 50 1 12
97 9 2147483647 60
1 9 1 60
97 89 2147483647 50
1 89 1 50
97 91 2147483647 17
1 91 1 17
97 101 2147483647 10
1 101 1 10
97 27 2147483647 42
1 27 1 42
97 92 2147483647 43
1 92 1 43
97 58 2147483647 44
1 58 1 44
97 45 2147483647 63
1 45 1 63
97 63 2147483647 34
1 63 1 34
97 51 2147483647 82
1 51 1 82
97 33 2147483647 37
1 33 1 37
97 29 2147483647 90
1 29 1 90
97 36 2147483647 28
1 36 1 28
97 43 2147483647 38
1 43 1 38
97 84 2147483647 31
1 84 1 31
97 86 2147483647 52
1 86 1 52
97 40 2147483647 69
1 40 1 69
97 102 30 0
97 2 2147483647 0
98 8 2147483647 89
1 8 1 89
98 102 1 0
98 2 2147483647 0
99 86 2147483647 3
1 86 1 3
99 65 2147483647 49
1 65 1 49
99 63 2147483647 77
1 63 1 77
99 64 2147483647 70
1 64 1 70
99 90 2147483647 85
1 90 1 85
99 51 2147483647 48
1 51 1 48
99 59 2147483647 96
1 59 1 96
99 97 2147483647 91
1 97 1 91
99 32 2147483647 59
1 32 1 59
99 43 2147483647 26
1 43 1 26
99 69 2147483647 43
1 69 1 43
99 30 2147483647 64
1 30 1 64
99 9 2147483647 84
1 9 1 84
99 29 2147483647 51
1 29 1 51
99 56 2147483647 87
1 56 1 87
99 79 2147483647 67
1 79 1 67
99 14 2147483647 12
1 14 1 12
99 71 2147483647 91
1 71 1 91
99 82 2147483647 72
1 82 1 72
99 84 2147483647 37
1 84 1 37
99 31 2147483647 98
1 31 1 98
99 100 2147483647 5
1 100 1 5
99 89 2147483647 82
1 89 1 82
99 96 2147483647 78
1 96 1 78
99 70 2147483647 85
1 70 1 85
99 101 2147483647 3
1 101 1 3
99 80 2147483647 87
1 80 1 87
99 73 2147483647 92
1 73 1 92
99 23 2147483647 70
1 23 1 70
99 60 2147483647 3
1 60 1 3
99 102 30 0
99 2 2147483647 0
100 13 2147483647 91
1 13 1 91
100 70 2147483647 44
1 70 1 44
100 79 2147483647 23
1 79 1 23
100 63 2147483647 70
1 63 1 70
100 75 2147483647 11
1 75 1 11
100 21 2147483647 81
1 21 1 81
100 89 2147483647 4
1 89 1 4
100 84 2147483647 33
1 84 1 33
100 35 2147483647 64
1 35 1 64
100 29 2147483647 88
1 29 1 88
100 28 2147483647 28
1 28 1 28
100 25 2147483647 32
1 25 1 32
100 45 2147483647 20
1 45 1 20
100 58 2147483647 38
1 58 1 38
100 65 2147483647 70
1 65 1 70
100 20 2147483647 31
1 20 1 31
100 102 16 0
100 2 2147483647 0
101 102 0 0
101 2 2147483647 0
