77 2149
2 42 2147483647 33
1 42 1 33
2 68 2147483647 30
1 68 1 30
2 76 2147483647 13
1 76 1 13
2 51 2147483647 93
1 51 1 93
2 12 2147483647 39
1 12 1 39
2 57 2147483647 74
1 57 1 74
2 70 2147483647 21
1 70 1 21
2 73 2147483647 24
1 73 1 24
2 52 2147483647 54
1 52 1 54
2 15 2147483647 99
1 15 1 99
2 27 2147483647 96
1 27 1 96
2 40 2147483647 21
1 40 1 21
2 18 2147483647 75
1 18 1 75
2 26 2147483647 68
1 26 1 68
2 54 2147483647 56
1 54 1 56
2 53 2147483647 52
1 53 1 52
2 3 2147483647 86
1 3 1 86
2 8 2147483647 47
1 8 1 47
2 32 2147483647 39
1 32 1 39
2 45 2147483647 49
1 45 1 49
2 65 2147483647 2
1 65 1 2
2 61 2147483647 15
1 61 1 15
2 33 2147483647 98
1 33 1 98
2 50 2147483647 100
1 50 1 100
2 16 2147483647 83
1 16 1 83
2 25 2147483647 93
1 25 1 93
2 19 2147483647 98
1 19 1 98
2 69 2147483647 23
1 69 1 23
2 22 2147483647 26
1 22 1 26
2 30 2147483647 79
1 30 1 79
2 77 30 0
3 70 2147483647 53
1 70 1 53
3 10 2147483647 78
1 10 1 78
3 29 2147483647 78
1 29 1 78
3 72 2147483647 44
1 72 1 44
3 8 2147483647 45
1 8 1 45
3 12 2147483647 75
1 12 1 75
3 73 2147483647 90
1 73 1 90
3 63 2147483647 9
1 63 1 9
3 58 2147483647 37
1 58 1 37
3 41 2147483647 80
1 41 1 80
3 5 2147483647 17
1 5 1 17
3 51 2147483647 61
1 51 1 61
3 66 2147483647 44
1 66 1 44
3 54 2147483647 75
1 54 1 75
3 74 2147483647 90
1 74 1 90
3 27 2147483647 64
1 27 1 64
3 61 2147483647 12
1 61 1 12
3 15 2147483647 42
1 15 1 42
3 53 2147483647 25
1 53 1 25
3 48 2147483647 86
1 48 1 86
3 28 2147483647 24
1 28 1 24
3 23 2147483647 43
1 23 1 43
3 22 2147483647 90
1 22 1 90
3 52 2147483647 26
1 52 1 26
3 64 2147483647 14
1 64 1 14
3 37 2147483647 67
1 37 1 67
3 14 2147483647 60
1 14 1 60
3 31 2147483647 7
1 31 1 7
3 77 28 0
3 2 2147483647 0
4 44 2147483647 100
1 44 1 100
4 54 2147483647 16
1 54 1 16
4 55 2147483647 97
1 55 1 97
4 12 2147483647 55
1 12 1 55
4 41 2147483647 39
1 41 1 39
4 77 5 0
4 2 2147483647 0
5 14 2147483647 20
1 14 1 20
5 40 2147483647 79
1 40 1 79
5 69 2147483647 50
1 69 1 50
5 23 2147483647 99
1 23 1 99
5 7 2147483647 80
1 7 1 80
5 74 2147483647 5
1 74 1 5
5 13 2147483647 29
1 13 1 29
5 47 2147483647 16
1 47 1 16
5 39 2147483647 50
1 39 1 50
5 70 2147483647 92
1 70 1 92
5 50 2147483647 8
1 50 1 8
5 15 2147483647 78
1 15 1 78
5 67 2147483647 72
1 67 1 72
5 55 2147483647 64
1 55 1 64
5 17 2147483647 77
1 17 1 77
5 32 2147483647 47
1 32 1 47
5 25 2147483647 28
1 25 1 28
5 37 2147483647 46
1 37 1 46
5 64 2147483647 35
1 64 1 35
5 11 2147483647 17
1 11 1 17
5 46 2147483647 62
1 46 1 62
5 36 2147483647 61
1 36 1 61
5 10 2147483647 56
1 10 1 56
5 56 2147483647 39
1 56 1 39
5 63 2147483647 88
1 63 1 88
5 73 2147483647 23
1 73 1 23
5 51 2147483647 66
1 51 1 66
5 61 2147483647 55
1 61 1 55
5 4 2147483647 60
1 4 1 60
5 6 2147483647 8
1 6 1 8
5 77 30 0
5 2 2147483647 0
6 18 2147483647 94
1 18 1 94
6 50 2147483647 79
1 50 1 79
6 44 2147483647 61
1 44 1 61
6 4 2147483647 60
1 4 1 60
6 77 4 0
6 2 2147483647 0
7 12 2147483647 92
1 12 1 92
7 44 2147483647 10
1 44 1 10
7 21 2147483647 54
1 21 1 54
7 77 3 0
7 2 2147483647 0
8 77 0 0
8 2 2147483647 0
9 54 2147483647 10
1 54 1 10
9 26 2147483647 40
1 26 1 40
9 19 2147483647 54
1 19 1 54
9 32 2147483647 70
1 32 1 70
9 71 2147483647 96
1 71 1 96
9 4 2147483647 38
1 4 1 38
9 23 2147483647 5
1 23 1 5
9 7 2147483647 70
1 7 1 70
9 45 2147483647 28
1 45 1 28
9 59 2147483647 8
1 59 1 8
9 8 2147483647 17
1 8 1 17
9 61 2147483647 5
1 61 1 5
9 43 2147483647 25
1 43 1 25
9 28 2147483647 67
1 28 1 67
9 21 2147483647 26
1 21 1 26
9 65 2147483647 61
1 65 1 61
9 50 2147483647 73
1 50 1 73
9 67 2147483647 7
1 67 1 7
9 77 18 0
9 2 2147483647 0
10 74 2147483647 86
1 74 1 86
10 61 2147483647 32
1 61 1 32
10 50 2147483647 74
1 50 1 74
10 53 2147483647 24
1 53 1 24
10 30 2147483647 24
1 30 1 24
10 9 2147483647 22
1 9 1 22
10 34 2147483647 21
1 34 1 21
10 12 2147483647 49
1 12 1 49
10 35 2147483647 46
1 35 1 46
10 6 2147483647 44
1 6 1 44
10 67 2147483647 10
1 67 1 10
10 47 2147483647 2
1 47 1 2
10 69 2147483647 64
1 69 1 64
10 55 2147483647 49
1 55 1 49
10 64 2147483647 98
1 64 1 98
10 48 2147483647 8
1 48 1 8
10 63 2147483647 75
1 63 1 75
10 56 2147483647 8
1 56 1 8
10 23 2147483647 94
1 23 1 94
10 36 2147483647 33
1 36 1 33
10 60 2147483647 18
1 60 1 18
10 39 2147483647 97
1 39 1 97
10 75 2147483647 83
1 75 1 83
10 38 2147483647 16
1 38 1 16
10 65 2147483647 92
1 65 1 92
10 40 2147483647 26
1 40 1 26
10 15 2147483647 5
1 15 1 5
10 4 2147483647 81
1 4 1 81
10 44 2147483647 41
1 44 1 41
10 33 2147483647 6
1 33 1 6
10 77 30 0
10 2 2147483647 0
11 63 2147483647 36
1 63 1 36
11 18 2147483647 63
1 18 1 63
11 26 2147483647 94
1 26 1 94
11 28 2147483647 90
1 28 1 90
11 41 2147483647 25
1 41 1 25
11 15 2147483647 33
1 15 1 33
11 58 2147483647 41
1 58 1 41
11 21 2147483647 81
1 21 1 81
11 77 8 0
11 2 2147483647 0
12 77 0 0
12 2 2147483647 0
13 7 2147483647 1
1 7 1 1
13 6 2147483647 75
1 6 1 75
13 35 2147483647 82
1 35 1 82
13 65 2147483647 15
1 65 1 15
13 4 2147483647 40
1 4 1 40
13 54 2147483647 23
1 54 1 23
13 33 2147483647 5
1 33 1 5
13 15 2147483647 100
1 15 1 100
13 12 2147483647 64
1 12 1 64
13 50 2147483647 89
1 50 1 89
13 58 2147483647 80
1 58 1 80
13 77 11 0
13 2 2147483647 0
14 9 2147483647 54
1 9 1 54
14 73 2147483647 66
1 73 1 66
14 45 2147483647 41
1 45 1 41
14 26 2147483647 100
1 26 1 100
14 49 2147483647 53
1 49 1 53
14 29 2147483647 88
1 29 1 88
14 8 2147483647 62
1 8 1 62
14 50 2147483647 53
1 50 1 53
14 71 2147483647 15
1 71 1 15
14 38 2147483647 71
1 38 1 71
14 28 2147483647 81
1 28 1 81
14 15 2147483647 56
1 15 1 56
14 59 2147483647 15
1 59 1 15
14 72 2147483647 9
1 72 1 9
14 22 2147483647 35
1 22 1 35
14 24 2147483647 36
1 24 1 36
14 43 2147483647 65
1 43 1 65
14 75 2147483647 12
1 75 1 12
14 54 2147483647 69
1 54 1 69
14 35 2147483647 85
1 35 1 85
14 52 2147483647 5
1 52 1 5
14 12 2147483647 81
1 12 1 81
14 64 2147483647 46
1 64 1 46
14 40 2147483647 27
1 40 1 27
14 17 2147483647 24
1 17 1 24
14 77 25 0
14 2 2147483647 0
15 35 2147483647 20
1 35 1 20
15 28 2147483647 7
1 28 1 7
15 44 2147483647 29
1 44 1 29
15 7 2147483647 39
1 7 1 39
15 77 4 0
15 2 2147483647 0
16 28 2147483647 22
1 28 1 22
16 12 2147483647 20
1 12 1 20
16 15 2147483647 59
1 15 1 59
16 4 2147483647 35
1 4 1 35
16 53 2147483647 13
1 53 1 13
16 35 2147483647 61
1 35 1 61
16 77 6 0
16 2 2147483647 0
17 64 2147483647 82
1 64 1 82
17 57 2147483647 39
1 57 1 39
17 27 2147483647 7
1 27 1 7
17 61 2147483647 83
1 61 1 83
17 69 2147483647 35
1 69 1 35
17 39 2147483647 35
1 39 1 35
17 63 2147483647 17
1 63 1 17
17 9 2147483647 20
1 9 1 20
17 73 2147483647 23
1 73 1 23
17 31 2147483647 47
1 31 1 47
17 47 2147483647 4
1 47 1 4
17 72 2147483647 23
1 72 1 23
17 55 2147483647 14
1 55 1 14
17 50 2147483647 20
1 50 1 20
17 76 2147483647 35
1 76 1 35
17 23 2147483647 5
1 23 1 5
17 58 2147483647 79
1 58 1 79
17 46 2147483647 66
1 46 1 66
17 48 2147483647 61
1 48 1 61
17 12 2147483647 74
1 12 1 74
17 52 2147483647 4
1 52 1 4
17 22 2147483647 63
1 22 1 63
17 45 2147483647 8
1 45 1 8
17 67 2147483647 27
1 67 1 27
17 40 2147483647 23
1 40 1 23
17 59 2147483647 96
1 59 1 96
17 34 2147483647 23
1 34 1 23
17 77 27 0
17 2 2147483647 0
18 21 2147483647 16
1 21 1 16
18 12 2147483647 42
1 12 1 42
18 44 2147483647 43
1 44 1 43
18 41 2147483647 6
1 41 1 6
18 77 4 0
18 2 2147483647 0
19 35 2147483647 15
1 35 1 15
19 65 2147483647 49
1 65 1 49
19 23 2147483647 4
1 23 1 4
19 43 2147483647 75
1 43 1 75
19 44 2147483647 90
1 44 1 90
19 54 2147483647 97
1 54 1 97
19 11 2147483647 71
1 11 1 71
19 46 2147483647 19
1 46 1 19
19 61 2147483647 52
1 61 1 52
19 56 2147483647 1
1 56 1 1
19 26 2147483647 63
1 26 1 63
19 33 2147483647 40
1 33 1 40
19 32 2147483647 75
1 32 1 75
19 63 2147483647 42
1 63 1 42
19 77 14 0
19 2 2147483647 0
20 66 2147483647 64
1 66 1 64
20 65 2147483647 56
1 65 1 56
20 63 2147483647 58
1 63 1 58
20 60 2147483647 83
1 60 1 83
20 50 2147483647 12
1 50 1 12
20 10 2147483647 45
1 10 1 45
20 27 2147483647 85
1 27 1 85
20 59 2147483647 39
1 59 1 39
20 44 2147483647 34
1 44 1 34
20 46 2147483647 75
1 46 1 75
20 54 2147483647 64
1 54 1 64
20 57 2147483647 66
1 57 1 66
20 52 2147483647 82
1 52 1 82
20 19 2147483647 77
1 19 1 77
20 74 2147483647 22
1 74 1 22
20 24 2147483647 41
1 24 1 41
20 43 2147483647 77
1 43 1 77
20 8 2147483647 7
1 8 1 7
20 39 2147483647 54
1 39 1 54
20 29 2147483647 40
1 29 1 40
20 4 2147483647 38
1 4 1 38
20 61 2147483647 1
1 61 1 1
20 16 2147483647 98
1 16 1 98
20 41 2147483647 74
1 41 1 74
20 28 2147483647 13
1 28 1 13
20 6 2147483647 45
1 6 1 45
20 64 2147483647 45
1 64 1 45
20 77 27 0
20 2 2147483647 0
21 77 0 0
21 2 2147483647 0
22 36 2147483647 19
1 36 1 19
22 59 2147483647 25
1 59 1 25
22 41 2147483647 86
1 41 1 86
22 16 2147483647 80
1 16 1 80
22 35 2147483647 99
1 35 1 99
22 44 2147483647 78
1 44 1 78
22 73 2147483647 58
1 73 1 58
22 13 2147483647 29
1 13 1 29
22 53 2147483647 54
1 53 1 54
22 45 2147483647 91
1 45 1 91
22 66 2147483647 43
1 66 1 43
22 67 2147483647 18
1 67 1 18
22 26 2147483647 12
1 26 1 12
22 61 2147483647 7
1 61 1 7
22 12 2147483647 22
1 12 1 22
22 33 2147483647 24
1 33 1 24
22 11 2147483647 70
1 11 1 70
22 32 2147483647 53
1 32 1 53
22 47 2147483647 89
1 47 1 89
22 28 2147483647 97
1 28 1 97
22 31 2147483647 42
1 31 1 42
22 77 21 0
22 2 2147483647 0
23 24 2147483647 30
1 24 1 30
23 6 2147483647 29
1 6 1 29
23 35 2147483647 22
1 35 1 22
23 13 2147483647 49
1 13 1 49
23 55 2147483647 51
1 55 1 51
23 50 2147483647 19
1 50 1 19
23 41 2147483647 65
1 41 1 65
23 52 2147483647 26
1 52 1 26
23 43 2147483647 98
1 43 1 98
23 53 2147483647 51
1 53 1 51
23 39 2147483647 97
1 39 1 97
23 45 2147483647 94
1 45 1 94
23 65 2147483647 71
1 65 1 71
23 67 2147483647 98
1 67 1 98
23 28 2147483647 45
1 28 1 45
23 15 2147483647 78
1 15 1 78
23 77 16 0
23 2 2147483647 0
24 6 2147483647 40
1 6 1 40
24 54 2147483647 17
1 54 1 17
24 53 2147483647 79
1 53 1 79
24 56 2147483647 13
1 56 1 13
24 4 2147483647 52
1 4 1 52
24 21 2147483647 85
1 21 1 85
24 55 2147483647 17
1 55 1 17
24 12 2147483647 15
1 12 1 15
24 77 8 0
24 2 2147483647 0
25 22 2147483647 70
1 22 1 70
25 46 2147483647 20
1 46 1 20
25 52 2147483647 66
1 52 1 66
25 9 2147483647 80
1 9 1 80
25 29 2147483647 74
1 29 1 74
25 67 2147483647 3
1 67 1 3
25 8 2147483647 47
1 8 1 47
25 16 2147483647 30
1 16 1 30
25 34 2147483647 49
1 34 1 49
25 11 2147483647 63
1 11 1 63
25 49 2147483647 73
1 49 1 73
25 38 2147483647 93
1 38 1 93
25 59 2147483647 72
1 59 1 72
25 19 2147483647 7
1 19 1 7
25 63 2147483647 49
1 63 1 49
25 18 2147483647 17
1 18 1 17
25 30 2147483647 52
1 30 1 52
25 7 2147483647 24
1 7 1 24
25 56 2147483647 36
1 56 1 36
25 43 2147483647 57
1 43 1 57
25 65 2147483647 98
1 65 1 98
25 50 2147483647 7
1 50 1 7
25 61 2147483647 33
1 61 1 33
25 33 2147483647 44
1 33 1 44
25 77 24 0
25 2 2147483647 0
26 12 2147483647 57
1 12 1 57
26 7 2147483647 85
1 7 1 85
26 55 2147483647 44
1 55 1 44
26 77 3 0
26 2 2147483647 0
27 44 2147483647 47
1 44 1 47
27 6 2147483647 8
1 6 1 8
27 35 2147483647 9
1 35 1 9
27 65 2147483647 79
1 65 1 79
27 50 2147483647 8
1 50 1 8
27 59 2147483647 16
1 59 1 16
27 54 2147483647 11
1 54 1 11
27 52 2147483647 78
1 52 1 78
27 33 2147483647 62
1 33 1 62
27 53 2147483647 24
1 53 1 24
27 16 2147483647 73
1 16 1 73
27 26 2147483647 18
1 26 1 18
27 4 2147483647 68
1 4 1 68
27 8 2147483647 9
1 8 1 9
27 13 2147483647 52
1 13 1 52
27 77 15 0
27 2 2147483647 0
28 6 2147483647 33
1 6 1 33
28 41 2147483647 15
1 41 1 15
28 50 2147483647 30
1 50 1 30
28 44 2147483647 80
1 44 1 80
28 21 2147483647 80
1 21 1 80
28 77 5 0
28 2 2147483647 0
29 27 2147483647 51
1 27 1 51
29 18 2147483647 84
1 18 1 84
29 69 2147483647 53
1 69 1 53
29 63 2147483647 71
1 63 1 71
29 58 2147483647 79
1 58 1 79
29 33 2147483647 98
1 33 1 98
29 54 2147483647 85
1 54 1 85
29 16 2147483647 38
1 16 1 38
29 66 2147483647 29
1 66 1 29
29 22 2147483647 9
1 22 1 9
29 61 2147483647 73
1 61 1 73
29 6 2147483647 29
1 6 1 29
29 46 2147483647 81
1 46 1 81
29 75 2147483647 12
1 75 1 12
29 72 2147483647 79
1 72 1 79
29 36 2147483647 17
1 36 1 17
29 59 2147483647 29
1 59 1 29
29 77 17 0
29 2 2147483647 0
30 47 2147483647 37
1 47 1 37
30 59 2147483647 100
1 59 1 100
30 49 2147483647 9
1 49 1 9
30 6 2147483647 54
1 6 1 54
30 18 2147483647 15
1 18 1 15
30 36 2147483647 59
1 36 1 59
30 33 2147483647 12
1 33 1 12
30 27 2147483647 86
1 27 1 86
30 75 2147483647 47
1 75 1 47
30 28 2147483647 62
1 28 1 62
30 9 2147483647 88
1 9 1 88
30 16 2147483647 31
1 16 1 31
30 72 2147483647 16
1 72 1 16
30 41 2147483647 96
1 41 1 96
30 15 2147483647 23
1 15 1 23
30 63 2147483647 66
1 63 1 66
30 4 2147483647 88
1 4 1 88
30 76 2147483647 36
1 76 1 36
30 44 2147483647 78
1 44 1 78
30 57 2147483647 65
1 57 1 65
30 56 2147483647 56
1 56 1 56
30 19 2147483647 91
1 19 1 91
30 52 2147483647 76
1 52 1 76
30 77 23 0
30 2 2147483647 0
31 43 2147483647 9
1 43 1 9
31 27 2147483647 33
1 27 1 33
31 6 2147483647 96
1 6 1 96
31 12 2147483647 86
1 12 1 86
31 24 2147483647 3
1 24 1 3
31 44 2147483647 44
1 44 1 44
31 21 2147483647 6
1 21 1 6
31 61 2147483647 31
1 61 1 31
31 56 2147483647 72
1 56 1 72
31 52 2147483647 25
1 52 1 25
31 41 2147483647 70
1 41 1 70
31 63 2147483647 18
1 63 1 18
31 71 2147483647 15
1 71 1 15
31 77 13 0
31 2 2147483647 0
32 54 2147483647 1
1 54 1 1
32 24 2147483647 36
1 24 1 36
32 21 2147483647 100
1 21 1 100
32 67 2147483647 50
1 67 1 50
32 12 2147483647 51
1 12 1 51
32 39 2147483647 59
1 39 1 59
32 16 2147483647 45
1 16 1 45
32 59 2147483647 39
1 59 1 39
32 15 2147483647 100
1 15 1 100
32 31 2147483647 29
1 31 1 29
32 52 2147483647 28
1 52 1 28
32 63 2147483647 24
1 63 1 24
32 77 12 0
32 2 2147483647 0
33 50 2147483647 13
1 50 1 13
33 44 2147483647 90
1 44 1 90
33 53 2147483647 96
1 53 1 96
33 6 2147483647 84
1 6 1 84
33 7 2147483647 91
1 7 1 91
33 4 2147483647 76
1 4 1 76
33 77 6 0
33 2 2147483647 0
34 52 2147483647 76
1 52 1 76
34 58 2147483647 85
1 58 1 85
34 56 2147483647 47
1 56 1 47
34 76 2147483647 31
1 76 1 31
34 61 2147483647 60
1 61 1 60
34 19 2147483647 65
1 19 1 65
34 15 2147483647 93
1 15 1 93
34 38 2147483647 81
1 38 1 81
34 39 2147483647 63
1 39 1 63
34 4 2147483647 45
1 4 1 45
34 51 2147483647 61
1 51 1 61
34 32 2147483647 6
1 32 1 6
34 73 2147483647 38
1 73 1 38
34 21 2147483647 36
1 21 1 36
34 44 2147483647 31
1 44 1 31
34 59 2147483647 9
1 59 1 9
34 57 2147483647 15
1 57 1 15
34 45 2147483647 99
1 45 1 99
34 47 2147483647 83
1 47 1 83
34 12 2147483647 92
1 12 1 92
34 72 2147483647 90
1 72 1 90
34 77 21 0
34 2 2147483647 0
35 12 2147483647 61
1 12 1 61
35 50 2147483647 61
1 50 1 61
35 6 2147483647 94
1 6 1 94
35 33 2147483647 16
1 33 1 16
35 7 2147483647 5
1 7 1 5
35 55 2147483647 19
1 55 1 19
35 77 6 0
35 2 2147483647 0
36 77 0 0
36 2 2147483647 0
37 34 2147483647 80
1 34 1 80
37 60 2147483647 57
1 60 1 57
37 49 2147483647 47
1 49 1 47
37 57 2147483647 25
1 57 1 25
37 8 2147483647 89
1 8 1 89
37 22 2147483647 43
1 22 1 43
37 33 2147483647 65
1 33 1 65
37 12 2147483647 26
1 12 1 26
37 74 2147483647 84
1 74 1 84
37 65 2147483647 49
1 65 1 49
37 4 2147483647 24
1 4 1 24
37 19 2147483647 19
1 19 1 19
37 35 2147483647 56
1 35 1 56
37 17 2147483647 33
1 17 1 33
37 45 2147483647 64
1 45 1 64
37 70 2147483647 94
1 70 1 94
37 63 2147483647 88
1 63 1 88
37 43 2147483647 79
1 43 1 79
37 29 2147483647 46
1 29 1 46
37 10 2147483647 58
1 10 1 58
37 40 2147483647 27
1 40 1 27
37 39 2147483647 86
1 39 1 86
37 24 2147483647 5
1 24 1 5
37 51 2147483647 42
1 51 1 42
37 67 2147483647 27
1 67 1 27
37 73 2147483647 74
1 73 1 74
37 77 26 0
37 2 2147483647 0
38 32 2147483647 17
1 32 1 17
38 67 2147483647 5
1 67 1 5
38 48 2147483647 66
1 48 1 66
38 66 2147483647 70
1 66 1 70
38 73 2147483647 3
1 73 1 3
38 35 2147483647 47
1 35 1 47
38 65 2147483647 51
1 65 1 51
38 57 2147483647 6
1 57 1 6
38 58 2147483647 24
1 58 1 24
38 49 2147483647 72
1 49 1 72
38 19 2147483647 71
1 19 1 71
38 61 2147483647 41
1 61 1 41
38 50 2147483647 71
1 50 1 71
38 16 2147483647 67
1 16 1 67
38 11 2147483647 28
1 11 1 28
38 52 2147483647 96
1 52 1 96
38 75 2147483647 85
1 75 1 85
38 24 2147483647 50
1 24 1 50
38 46 2147483647 96
1 46 1 96
38 77 19 0
38 2 2147483647 0
39 13 2147483647 95
1 13 1 95
39 33 2147483647 17
1 33 1 17
39 50 2147483647 45
1 50 1 45
39 58 2147483647 98
1 58 1 98
39 35 2147483647 21
1 35 1 21
39 55 2147483647 43
1 55 1 43
39 41 2147483647 44
1 41 1 44
39 18 2147483647 70
1 18 1 70
39 12 2147483647 36
1 12 1 36
39 77 9 0
39 2 2147483647 0
40 35 2147483647 27
1 35 1 27
40 18 2147483647 53
1 18 1 53
40 61 2147483647 90
1 61 1 90
40 69 2147483647 82
1 69 1 82
40 64 2147483647 17
1 64 1 17
40 30 2147483647 11
1 30 1 11
40 44 2147483647 90
1 44 1 90
40 21 2147483647 55
1 21 1 55
40 56 2147483647 26
1 56 1 26
40 7 2147483647 66
1 7 1 66
40 66 2147483647 46
1 66 1 46
40 13 2147483647 1
1 13 1 1
40 16 2147483647 73
1 16 1 73
40 29 2147483647 62
1 29 1 62
40 63 2147483647 74
1 63 1 74
40 48 2147483647 57
1 48 1 57
40 49 2147483647 33
1 49 1 33
40 32 2147483647 73
1 32 1 73
40 24 2147483647 95
1 24 1 95
40 19 2147483647 34
1 19 1 34
40 75 2147483647 17
1 75 1 17
40 54 2147483647 38
1 54 1 38
40 4 2147483647 55
1 4 1 55
40 77 23 0
40 2 2147483647 0
41 77 0 0
41 2 2147483647 0
42 3 2147483647 45
1 3 1 45
42 37 2147483647 54
1 37 1 54
42 30 2147483647 32
1 30 1 32
42 19 2147483647 24
1 19 1 24
42 41 2147483647 73
1 41 1 73
42 38 2147483647 41
1 38 1 41
42 15 2147483647 69
1 15 1 69
42 10 2147483647 37
1 10 1 37
42 40 2147483647 7
1 40 1 7
42 12 2147483647 59
1 12 1 59
42 28 2147483647 58
1 28 1 58
42 44 2147483647 55
1 44 1 55
42 6 2147483647 73
1 6 1 73
42 71 2147483647 22
1 71 1 22
42 24 2147483647 62
1 24 1 62
42 48 2147483647 28
1 48 1 28
42 69 2147483647 72
1 69 1 72
42 72 2147483647 78
1 72 1 78
42 46 2147483647 79
1 46 1 79
42 74 2147483647 11
1 74 1 11
42 26 2147483647 64
1 26 1 64
42 76 2147483647 19
1 76 1 19
42 61 2147483647 12
1 61 1 12
42 51 2147483647 48
1 51 1 48
42 23 2147483647 19
1 23 1 19
42 9 2147483647 2
1 9 1 2
42 27 2147483647 64
1 27 1 64
42 34 2147483647 56
1 34 1 56
42 7 2147483647 44
1 7 1 44
42 39 2147483647 24
1 39 1 24
42 77 30 0
42 2 2147483647 0
43 18 2147483647 100
1 18 1 100
43 35 2147483647 40
1 35 1 40
43 65 2147483647 65
1 65 1 65
43 41 2147483647 49
1 41 1 49
43 11 2147483647 20
1 11 1 20
43 6 2147483647 46
1 6 1 46
43 12 2147483647 10
1 12 1 10
43 58 2147483647 58
1 58 1 58
43 77 8 0
43 2 2147483647 0
44 77 0 0
44 2 2147483647 0
45 24 2147483647 46
1 24 1 46
45 44 2147483647 50
1 44 1 50
45 41 2147483647 89
1 41 1 89
45 4 2147483647 4
1 4 1 4
45 48 2147483647 40
1 48 1 40
45 35 2147483647 15
1 35 1 15
45 15 2147483647 43
1 15 1 43
45 21 2147483647 85
1 21 1 85
45 18 2147483647 14
1 18 1 14
45 77 9 0
45 2 2147483647 0
46 31 2147483647 39
1 31 1 39
46 59 2147483647 7
1 59 1 7
46 43 2147483647 98
1 43 1 98
46 73 2147483647 99
1 73 1 99
46 4 2147483647 10
1 4 1 10
46 11 2147483647 44
1 11 1 44
46 53 2147483647 12
1 53 1 12
46 13 2147483647 8
1 13 1 8
46 23 2147483647 13
1 23 1 13
46 16 2147483647 20
1 16 1 20
46 52 2147483647 15
1 52 1 15
46 36 2147483647 68
1 36 1 68
46 15 2147483647 20
1 15 1 20
46 27 2147483647 79
1 27 1 79
46 21 2147483647 57
1 21 1 57
46 41 2147483647 98
1 41 1 98
46 67 2147483647 8
1 67 1 8
46 77 17 0
46 2 2147483647 0
47 35 2147483647 3
1 35 1 3
47 24 2147483647 32
1 24 1 32
47 60 2147483647 28
1 60 1 28
47 36 2147483647 2
1 36 1 2
47 46 2147483647 85
1 46 1 85
47 54 2147483647 28
1 54 1 28
47 61 2147483647 84
1 61 1 84
47 73 2147483647 98
1 73 1 98
47 52 2147483647 66
1 52 1 66
47 45 2147483647 19
1 45 1 19
47 57 2147483647 23
1 57 1 23
47 33 2147483647 20
1 33 1 20
47 44 2147483647 75
1 44 1 75
47 63 2147483647 68
1 63 1 68
47 19 2147483647 40
1 19 1 40
47 77 15 0
47 2 2147483647 0
48 50 2147483647 21
1 50 1 21
48 54 2147483647 51
1 54 1 51
48 35 2147483647 22
1 35 1 22
48 58 2147483647 62
1 58 1 62
48 44 2147483647 54
1 44 1 54
48 53 2147483647 28
1 53 1 28
48 33 2147483647 18
1 33 1 18
48 18 2147483647 78
1 18 1 78
48 24 2147483647 90
1 24 1 90
48 39 2147483647 67
1 39 1 67
48 12 2147483647 77
1 12 1 77
48 77 11 0
48 2 2147483647 0
49 11 2147483647 59
1 11 1 59
49 50 2147483647 13
1 50 1 13
49 41 2147483647 26
1 41 1 26
49 73 2147483647 32
1 73 1 32
49 71 2147483647 56
1 71 1 56
49 7 2147483647 40
1 7 1 40
49 27 2147483647 78
1 27 1 78
49 67 2147483647 64
1 67 1 64
49 16 2147483647 27
1 16 1 27
49 61 2147483647 55
1 61 1 55
49 48 2147483647 34
1 48 1 34
49 31 2147483647 75
1 31 1 75
49 59 2147483647 52
1 59 1 52
49 15 2147483647 9
1 15 1 9
49 65 2147483647 48
1 65 1 48
49 26 2147483647 32
1 26 1 32
49 33 2147483647 15
1 33 1 15
49 46 2147483647 41
1 46 1 41
49 54 2147483647 38
1 54 1 38
49 21 2147483647 35
1 21 1 35
49 13 2147483647 4
1 13 1 4
49 57 2147483647 32
1 57 1 32
49 36 2147483647 37
1 36 1 37
49 77 23 0
49 2 2147483647 0
50 4 2147483647 82
1 4 1 82
50 77 1 0
50 2 2147483647 0
51 26 2147483647 99
1 26 1 99
51 58 2147483647 49
1 58 1 49
51 41 2147483647 63
1 41 1 63
51 13 2147483647 6
1 13 1 6
51 11 2147483647 63
1 11 1 63
51 52 2147483647 15
1 52 1 15
51 69 2147483647 33
1 69 1 33
51 27 2147483647 52
1 27 1 52
51 31 2147483647 74
1 31 1 74
51 7 2147483647 44
1 7 1 44
51 50 2147483647 33
1 50 1 33
51 53 2147483647 24
1 53 1 24
51 63 2147483647 77
1 63 1 77
51 59 2147483647 53
1 59 1 53
51 44 2147483647 49
1 44 1 49
51 71 2147483647 65
1 71 1 65
51 73 2147483647 72
1 73 1 72
51 21 2147483647 92
1 21 1 92
51 56 2147483647 81
1 56 1 81
51 77 19 0
51 2 2147483647 0
52 56 2147483647 69
1 56 1 69
52 48 2147483647 36
1 48 1 36
52 11 2147483647 84
1 11 1 84
52 7 2147483647 11
1 7 1 11
52 12 2147483647 50
1 12 1 50
52 53 2147483647 24
1 53 1 24
52 50 2147483647 65
1 50 1 65
52 4 2147483647 80
1 4 1 80
52 26 2147483647 69
1 26 1 69
52 35 2147483647 12
1 35 1 12
52 77 10 0
52 2 2147483647 0
53 7 2147483647 79
1 7 1 79
53 77 1 0
53 2 2147483647 0
54 7 2147483647 46
1 7 1 46
54 77 1 0
54 2 2147483647 0
55 77 0 0
55 2 2147483647 0
56 58 2147483647 75
1 58 1 75
56 4 2147483647 79
1 4 1 79
56 7 2147483647 34
1 7 1 34
56 21 2147483647 21
1 21 1 21
56 41 2147483647 37
1 41 1 37
56 15 2147483647 55
1 15 1 55
56 18 2147483647 47
1 18 1 47
56 35 2147483647 63
1 35 1 63
56 77 8 0
56 2 2147483647 0
57 15 2147483647 65
1 15 1 65
57 52 2147483647 75
1 52 1 75
57 12 2147483647 65
1 12 1 65
57 53 2147483647 17
1 53 1 17
57 27 2147483647 83
1 27 1 83
57 41 2147483647 7
1 41 1 7
57 18 2147483647 17
1 18 1 17
57 65 2147483647 92
1 65 1 92
57 63 2147483647 81
1 63 1 81
57 45 2147483647 31
1 45 1 31
57 73 2147483647 10
1 73 1 10
57 23 2147483647 68
1 23 1 68
57 46 2147483647 12
1 46 1 12
57 19 2147483647 67
1 19 1 67
57 77 14 0
57 2 2147483647 0
58 54 2147483647 32
1 54 1 32
58 50 2147483647 52
1 50 1 52
58 4 2147483647 26
1 4 1 26
58 41 2147483647 25
1 41 1 25
58 12 2147483647 82
1 12 1 82
58 21 2147483647 59
1 21 1 59
58 77 6 0
58 2 2147483647 0
59 11 2147483647 81
1 11 1 81
59 18 2147483647 24
1 18 1 24
59 39 2147483647 67
1 39 1 67
59 7 2147483647 11
1 7 1 11
59 35 2147483647 40
1 35 1 40
59 63 2147483647 24
1 63 1 24
59 56 2147483647 56
1 56 1 56
59 16 2147483647 87
1 16 1 87
59 71 2147483647 45
1 71 1 45
59 26 2147483647 85
1 26 1 85
59 33 2147483647 71
1 33 1 71
59 21 2147483647 31
1 21 1 31
59 54 2147483647 75
1 54 1 75
59 28 2147483647 17
1 28 1 17
59 43 2147483647 28
1 43 1 28
59 77 15 0
59 2 2147483647 0
60 77 0 0
60 2 2147483647 0
61 71 2147483647 8
1 71 1 8
61 39 2147483647 41
1 39 1 41
61 16 2147483647 69
1 16 1 69
61 45 2147483647 4
1 45 1 4
61 6 2147483647 82
1 6 1 82
61 33 2147483647 65
1 33 1 65
61 55 2147483647 100
1 55 1 100
61 50 2147483647 49
1 50 1 49
61 43 2147483647 52
1 43 1 52
61 35 2147483647 92
1 35 1 92
61 52 2147483647 30
1 52 1 30
61 11 2147483647 33
1 11 1 33
61 24 2147483647 2
1 24 1 2
61 41 2147483647 55
1 41 1 55
61 63 2147483647 20
1 63 1 20
61 77 15 0
61 2 2147483647 0
62 25 2147483647 91
1 25 1 91
62 63 2147483647 57
1 63 1 57
62 69 2147483647 74
1 69 1 74
62 66 2147483647 38
1 66 1 38
62 18 2147483647 44
1 18 1 44
62 12 2147483647 100
1 12 1 100
62 31 2147483647 66
1 31 1 66
62 7 2147483647 93
1 7 1 93
62 36 2147483647 83
1 36 1 83
62 10 2147483647 80
1 10 1 80
62 15 2147483647 9
1 15 1 9
62 65 2147483647 26
1 65 1 26
62 27 2147483647 58
1 27 1 58
62 8 2147483647 77
1 8 1 77
62 54 2147483647 8
1 54 1 8
62 45 2147483647 96
1 45 1 96
62 28 2147483647 24
1 28 1 24
62 60 2147483647 13
1 60 1 13
62 75 2147483647 32
1 75 1 32
62 71 2147483647 53
1 71 1 53
62 41 2147483647 4
1 41 1 4
62 29 2147483647 43
1 29 1 43
62 34 2147483647 9
1 34 1 9
62 22 2147483647 34
1 22 1 34
62 57 2147483647 90
1 57 1 90
62 35 2147483647 52
1 35 1 52
62 11 2147483647 78
1 11 1 78
62 9 2147483647 38
1 9 1 38
62 76 2147483647 24
1 76 1 24
62 47 2147483647 93
1 47 1 93
62 77 30 0
62 2 2147483647 0
63 65 2147483647 54
1 65 1 54
63 4 2147483647 6
1 4 1 6
63 13 2147483647 47
1 13 1 47
63 35 2147483647 25
1 35 1 25
63 12 2147483647 86
1 12 1 86
63 55 2147483647 17
1 55 1 17
63 21 2147483647 9
1 21 1 9
63 33 2147483647 66
1 33 1 66
63 15 2147483647 49
1 15 1 49
63 54 2147483647 17
1 54 1 17
63 77 10 0
63 2 2147483647 0
64 11 2147483647 8
1 11 1 8
64 8 2147483647 29
1 8 1 29
64 9 2147483647 58
1 9 1 58
64 23 2147483647 17
1 23 1 17
64 52 2147483647 53
1 52 1 53
64 75 2147483647 3
1 75 1 3
64 44 2147483647 71
1 44 1 71
64 73 2147483647 74
1 73 1 74
64 35 2147483647 78
1 35 1 78
64 48 2147483647 95
1 48 1 95
64 15 2147483647 29
1 15 1 29
64 56 2147483647 71
1 56 1 71
64 18 2147483647 6
1 18 1 6
64 46 2147483647 10
1 46 1 10
64 43 2147483647 65
1 43 1 65
64 19 2147483647 87
1 19 1 87
64 32 2147483647 16
1 32 1 16
64 61 2147483647 45
1 61 1 45
64 24 2147483647 80
1 24 1 80
64 65 2147483647 44
1 65 1 44
64 16 2147483647 44
1 16 1 44
64 6 2147483647 29
1 6 1 29
64 54 2147483647 4
1 54 1 4
64 38 2147483647 34
1 38 1 34
64 53 2147483647 61
1 53 1 61
64 39 2147483647 54
1 39 1 54
64 77 26 0
64 2 2147483647 0
65 26 2147483647 4
1 26 1 4
65 15 2147483647 62
1 15 1 62
65 7 2147483647 56
1 7 1 56
65 21 2147483647 24
1 21 1 24
65 6 2147483647 27
1 6 1 27
65 77 5 0
65 2 2147483647 0
66 12 2147483647 58
1 12 1 58
66 54 2147483647 15
1 54 1 15
66 49 2147483647 13
1 49 1 13
66 19 2147483647 40
1 19 1 40
66 7 2147483647 24
1 7 1 24
66 56 2147483647 89
1 56 1 89
66 46 2147483647 100
1 46 1 100
66 18 2147483647 40
1 18 1 40
66 28 2147483647 78
1 28 1 78
66 53 2147483647 38
1 53 1 38
66 51 2147483647 72
1 51 1 72
66 41 2147483647 98
1 41 1 98
66 21 2147483647 54
1 21 1 54
66 48 2147483647 73
1 48 1 73
66 9 2147483647 16
1 9 1 16
66 39 2147483647 87
1 39 1 87
66 27 2147483647 16
1 27 1 16
66 15 2147483647 86
1 15 1 86
66 77 18 0
66 2 2147483647 0
67 35 2147483647 99
1 35 1 99
67 15 2147483647 25
1 15 1 25
67 12 2147483647 65
1 12 1 65
67 41 2147483647 61
1 41 1 61
67 7 2147483647 62
1 7 1 62
67 6 2147483647 50
1 6 1 50
67 65 2147483647 54
1 65 1 54
67 21 2147483647 18
1 21 1 18
67 39 2147483647 66
1 39 1 66
67 16 2147483647 90
1 16 1 90
67 52 2147483647 25
1 52 1 25
67 56 2147483647 88
1 56 1 88
67 4 2147483647 89
1 4 1 89
67 63 2147483647 11
1 63 1 11
67 77 14 0
67 2 2147483647 0
68 5 2147483647 66
1 5 1 66
68 20 2147483647 29
1 20 1 29
68 62 2147483647 80
1 62 1 80
68 75 2147483647 89
1 75 1 89
68 28 2147483647 42
1 28 1 42
68 64 2147483647 64
1 64 1 64
68 22 2147483647 30
1 22 1 30
68 6 2147483647 57
1 6 1 57
68 7 2147483647 58
1 7 1 58
68 9 2147483647 7
1 9 1 7
68 50 2147483647 75
1 50 1 75
68 12 2147483647 52
1 12 1 52
68 38 2147483647 51
1 38 1 51
68 25 2147483647 7
1 25 1 7
68 14 2147483647 61
1 14 1 61
68 49 2147483647 95
1 49 1 95
68 16 2147483647 68
1 16 1 68
68 67 2147483647 48
1 67 1 48
68 4 2147483647 99
1 4 1 99
68 10 2147483647 34
1 10 1 34
68 65 2147483647 37
1 65 1 37
68 17 2147483647 89
1 17 1 89
68 70 2147483647 13
1 70 1 13
68 11 2147483647 12
1 11 1 12
68 57 2147483647 47
1 57 1 47
68 23 2147483647 89
1 23 1 89
68 21 2147483647 6
1 21 1 6
68 55 2147483647 35
1 55 1 35
68 29 2147483647 70
1 29 1 70
68 54 2147483647 27
1 54 1 27
68 77 30 0
68 2 2147483647 0
69 44 2147483647 35
1 44 1 35
69 56 2147483647 33
1 56 1 33
69 71 2147483647 13
1 71 1 13
69 6 2147483647 95
1 6 1 95
69 45 2147483647 38
1 45 1 38
69 13 2147483647 11
1 13 1 11
69 32 2147483647 95
1 32 1 95
69 46 2147483647 62
1 46 1 62
69 55 2147483647 56
1 55 1 56
69 26 2147483647 37
1 26 1 37
69 52 2147483647 13
1 52 1 13
69 57 2147483647 87
1 57 1 87
69 16 2147483647 70
1 16 1 70
69 33 2147483647 21
1 33 1 21
69 24 2147483647 55
1 24 1 55
69 28 2147483647 42
1 28 1 42
69 8 2147483647 7
1 8 1 7
69 77 17 0
69 2 2147483647 0
70 17 2147483647 64
1 17 1 64
70 38 2147483647 92
1 38 1 92
70 25 2147483647 59
1 25 1 59
70 64 2147483647 80
1 64 1 80
70 76 2147483647 96
1 76 1 96
70 24 2147483647 8
1 24 1 8
70 6 2147483647 82
1 6 1 82
70 74 2147483647 96
1 74 1 96
70 19 2147483647 76
1 19 1 76
70 8 2147483647 36
1 8 1 36
70 23 2147483647 92
1 23 1 92
70 54 2147483647 87
1 54 1 87
70 58 2147483647 95
1 58 1 95
70 36 2147483647 66
1 36 1 66
70 72 2147483647 82
1 72 1 82
70 29 2147483647 65
1 29 1 65
70 22 2147483647 19
1 22 1 19
70 26 2147483647 19
1 26 1 19
70 57 2147483647 12
1 57 1 12
70 62 2147483647 15
1 62 1 15
70 55 2147483647 34
1 55 1 34
70 21 2147483647 8
1 21 1 8
70 32 2147483647 49
1 32 1 49
70 75 2147483647 18
1 75 1 18
70 77 24 0
70 2 2147483647 0
71 6 2147483647 33
1 6 1 33
71 55 2147483647 81
1 55 1 81
71 65 2147483647 69
1 65 1 69
71 43 2147483647 55
1 43 1 55
71 48 2147483647 60
1 48 1 60
71 21 2147483647 22
1 21 1 22
71 44 2147483647 15
1 44 1 15
71 33 2147483647 31
1 33 1 31
71 41 2147483647 32
1 41 1 32
71 53 2147483647 78
1 53 1 78
71 45 2147483647 100
1 45 1 100
71 77 11 0
71 2 2147483647 0
72 8 2147483647 96
1 8 1 96
72 41 2147483647 84
1 41 1 84
72 43 2147483647 58
1 43 1 58
72 27 2147483647 61
1 27 1 61
72 33 2147483647 33
1 33 1 33
72 11 2147483647 10
1 11 1 10
72 4 2147483647 81
1 4 1 81
72 15 2147483647 93
1 15 1 93
72 58 2147483647 58
1 58 1 58
72 31 2147483647 85
1 31 1 85
72 48 2147483647 19
1 48 1 19
72 63 2147483647 87
1 63 1 87
72 21 2147483647 15
1 21 1 15
72 35 2147483647 40
1 35 1 40
72 61 2147483647 44
1 61 1 44
72 24 2147483647 6
1 24 1 6
72 44 2147483647 70
1 44 1 70
72 18 2147483647 76
1 18 1 76
72 77 18 0
72 2 2147483647 0
73 77 0 0
73 2 2147483647 0
74 58 2147483647 5
1 58 1 5
74 52 2147483647 8
1 52 1 8
74 76 2147483647 38
1 76 1 38
74 33 2147483647 39
1 33 1 39
74 26 2147483647 95
1 26 1 95
74 69 2147483647 22
1 69 1 22
74 49 2147483647 42
1 49 1 42
74 54 2147483647 41
1 54 1 41
74 59 2147483647 88
1 59 1 88
74 39 2147483647 32
1 39 1 32
74 23 2147483647 84
1 23 1 84
74 38 2147483647 84
1 38 1 84
74 43 2147483647 39
1 43 1 39
74 21 2147483647 66
1 21 1 66
74 77 14 0
74 2 2147483647 0
75 13 2147483647 6
1 13 1 6
75 35 2147483647 49
1 35 1 49
75 61 2147483647 63
1 61 1 63
75 26 2147483647 44
1 26 1 44
75 57 2147483647 43
1 57 1 43
75 53 2147483647 7
1 53 1 7
75 24 2147483647 81
1 24 1 81
75 59 2147483647 84
1 59 1 84
75 55 2147483647 12
1 55 1 12
75 9 2147483647 25
1 9 1 25
75 48 2147483647 41
1 48 1 41
75 39 2147483647 12
1 39 1 12
75 31 2147483647 31
1 31 1 31
75 21 2147483647 7
1 21 1 7
75 8 2147483647 73
1 8 1 73
75 56 2147483647 88
1 56 1 88
75 50 2147483647 45
1 50 1 45
75 52 2147483647 64
1 52 1 64
75 77 18 0
75 2 2147483647 0
76 44 2147483647 11
1 44 1 11
76 49 2147483647 92
1 49 1 92
76 46 2147483647 73
1 46 1 73
76 39 2147483647 45
1 39 1 45
76 23 2147483647 4
1 23 1 4
76 21 2147483647 56
1 21 1 56
76 51 2147483647 68
1 51 1 68
76 66 2147483647 42
1 66 1 42
76 31 2147483647 4
1 31 1 4
76 53 2147483647 95
1 53 1 95
76 12 2147483647 57
1 12 1 57
76 4 2147483647 89
1 4 1 89
76 27 2147483647 96
1 27 1 96
76 48 2147483647 54
1 48 1 54
76 50 2147483647 66
1 50 1 66
76 18 2147483647 58
1 18 1 58
76 16 2147483647 20
1 16 1 20
76 36 2147483647 21
1 36 1 21
76 72 2147483647 7
1 72 1 7
76 64 2147483647 38
1 64 1 38
76 57 2147483647 7
1 57 1 7
76 77 21 0
76 2 2147483647 0
