10 10 10
-409730180 -323666753 690360728 367500673 728428302 741789922 879416056 -224780211 614995148 -757762121
-790601801 131002752 316293331 997892088 -691626714 -953132844 -667564786 -504250648 -84267141 -284440354
-176360887 -965906802 -376742427 555618603 -372545853 424857815 -622175129 -204410414 -597786127 259835687
-477344454 443209596 247346118 -992618201 -199390295 -781076707 -649623490 916252994 564072719 968083711
700270230 469492604 -844123856 897066043 974774943 610118711 -316233545 -283346669 -276776523 504735314
99987688 122814701 747382711 -392128193 172268074 -531981700 -789567722 165646985 536855729 -2124924
376886041 87923134 139261325 -72726817 -230391020 655228179 828690086 688611773 590857224 191867862
-556529740 693635879 320597155 460554601 729100730 -467726175 219588760 -687095075 -774659651 -5839797
-238955876 -33303954 -4058083 -336364416 -363952748 224081512 345455800 -388503836 -492283715 230352398
80142834 360633544 -879705894 -601705612 -741990948 -871600920 -373299482 894223503 -815808703 404803251
638578243 -123314139 -493805180 -573098699 928440915 -219620213 978689360 -506869675 -328688501 842538297
-824055302 -64623027 -69471300 -578279436 611518752 82251419 449399886 -496578114 651392992 -86723318
508124903 459244717 743760519 -52664817 -450409585 -653773182 734912509 814519526 -681749178 -467861044
-754482637 229395417 516870349 844845848 -757636801 -825283516 112927763 180557831 -385685753 162993109
-261276449 -309752577 446703843 649983630 -818614867 577248559 68581740 79292620 -231043063 70897058
4826873 -83414640 493780191 -983457448 -433964387 491081084 370311580 801686606 -426148730 344663665
333485654 18680489 418369292 -596869550 93285054 972182583 -257772901 790312614 45896973 446219137
-291591973 479023921 -742823675 364274591 909351533 52147167 -447038757 865500512 297701036 -88770432
-671838843 309091427 -418421267 -997408570 -124297588 -563194126 203570655 194482867 655808198 728679774
471387655 662608534 -406422724 -203540468 -623950043 -618000570 753424613 662951017 -167426806 465251347
