102 4199
2 79 2147483647 13
1 79 1 13
2 83 2147483647 73
1 83 1 73
2 75 2147483647 90
1 75 1 90
2 30 2147483647 92
1 30 1 92
2 54 2147483647 25
1 54 1 25
2 66 2147483647 53
1 66 1 53
2 52 2147483647 37
1 52 1 37
2 63 2147483647 46
1 63 1 46
2 11 2147483647 20
1 11 1 20
2 55 2147483647 53
1 55 1 53
2 22 2147483647 34
1 22 1 34
2 17 2147483647 5
1 17 1 5
2 32 2147483647 67
1 32 1 67
2 73 2147483647 66
1 73 1 66
2 86 2147483647 19
1 86 1 19
2 99 2147483647 78
1 99 1 78
2 65 2147483647 14
1 65 1 14
2 97 2147483647 2
1 97 1 2
2 18 2147483647 76
1 18 1 76
2 6 2147483647 17
1 6 1 17
2 57 2147483647 1
1 57 1 1
2 92 2147483647 19
1 92 1 19
2 62 2147483647 48
1 62 1 48
2 82 2147483647 27
1 82 1 27
2 16 2147483647 36
1 16 1 36
2 72 2147483647 79
1 72 1 79
2 23 2147483647 90
1 23 1 90
2 41 2147483647 32
1 41 1 32
2 95 2147483647 12
1 95 1 12
2 25 2147483647 93
1 25 1 93
2 102 30 0
3 76 2147483647 84
1 76 1 84
3 19 2147483647 85
1 19 1 85
3 99 2147483647 6
1 99 1 6
3 70 2147483647 44
1 70 1 44
3 67 2147483647 59
1 67 1 59
3 100 2147483647 50
1 100 1 50
3 10 2147483647 41
1 10 1 41
3 7 2147483647 87
1 7 1 87
3 37 2147483647 12
1 37 1 12
3 12 2147483647 34
1 12 1 34
3 14 2147483647 19
1 14 1 19
3 78 2147483647 55
1 78 1 55
3 73 2147483647 28
1 73 1 28
3 64 2147483647 44
1 64 1 44
3 28 2147483647 18
1 28 1 18
3 69 2147483647 83
1 69 1 83
3 5 2147483647 47
1 5 1 47
3 80 2147483647 75
1 80 1 75
3 38 2147483647 38
1 38 1 38
3 91 2147483647 77
1 91 1 77
3 9 2147483647 78
1 9 1 78
3 30 2147483647 69
1 30 1 69
3 86 2147483647 71
1 86 1 71
3 53 2147483647 5
1 53 1 5
3 46 2147483647 17
1 46 1 17
3 48 2147483647 3
1 48 1 3
3 88 2147483647 91
1 88 1 91
3 39 2147483647 97
1 39 1 97
3 47 2147483647 69
1 47 1 69
3 77 2147483647 82
1 77 1 82
3 102 30 0
3 2 2147483647 0
4 65 2147483647 34
1 65 1 34
4 57 2147483647 23
1 57 1 23
4 14 2147483647 45
1 14 1 45
4 82 2147483647 52
1 82 1 52
4 25 2147483647 38
1 25 1 38
4 58 2147483647 55
1 58 1 55
4 70 2147483647 45
1 70 1 45
4 62 2147483647 86
1 62 1 86
4 7 2147483647 71
1 7 1 71
4 41 2147483647 18
1 41 1 18
4 50 2147483647 4
1 50 1 4
4 95 2147483647 36
1 95 1 36
4 27 2147483647 11
1 27 1 11
4 39 2147483647 34
1 39 1 34
4 59 2147483647 67
1 59 1 67
4 74 2147483647 66
1 74 1 66
4 13 2147483647 33
1 13 1 33
4 47 2147483647 12
1 47 1 12
4 86 2147483647 81
1 86 1 81
4 101 2147483647 36
1 101 1 36
4 34 2147483647 25
1 34 1 25
4 35 2147483647 65
1 35 1 65
4 33 2147483647 49
1 33 1 49
4 92 2147483647 16
1 92 1 16
4 69 2147483647 98
1 69 1 98
4 51 2147483647 8
1 51 1 8
4 97 2147483647 71
1 97 1 71
4 10 2147483647 16
1 10 1 16
4 61 2147483647 74
1 61 1 74
4 90 2147483647 93
1 90 1 93
4 102 30 0
4 2 2147483647 0
5 54 2147483647 51
1 54 1 51
5 33 2147483647 70
1 33 1 70
5 98 2147483647 77
1 98 1 77
5 29 2147483647 58
1 29 1 58
5 20 2147483647 36
1 20 1 36
5 50 2147483647 48
1 50 1 48
5 14 2147483647 44
1 14 1 44
5 52 2147483647 9
1 52 1 9
5 67 2147483647 80
1 67 1 80
5 53 2147483647 28
1 53 1 28
5 73 2147483647 9
1 73 1 9
5 15 2147483647 40
1 15 1 40
5 65 2147483647 50
1 65 1 50
5 101 2147483647 44
1 101 1 44
5 19 2147483647 13
1 19 1 13
5 27 2147483647 85
1 27 1 85
5 17 2147483647 9
1 17 1 9
5 30 2147483647 16
1 30 1 16
5 47 2147483647 27
1 47 1 27
5 102 19 0
5 2 2147483647 0
6 56 2147483647 78
1 56 1 78
6 87 2147483647 54
1 87 1 54
6 52 2147483647 6
1 52 1 6
6 76 2147483647 59
1 76 1 59
6 37 2147483647 84
1 37 1 84
6 36 2147483647 13
1 36 1 13
6 91 2147483647 77
1 91 1 77
6 89 2147483647 85
1 89 1 85
6 29 2147483647 75
1 29 1 75
6 42 2147483647 2
1 42 1 2
6 98 2147483647 32
1 98 1 32
6 33 2147483647 72
1 33 1 72
6 11 2147483647 83
1 11 1 83
6 18 2147483647 86
1 18 1 86
6 17 2147483647 56
1 17 1 56
6 101 2147483647 31
1 101 1 31
6 40 2147483647 22
1 40 1 22
6 47 2147483647 19
1 47 1 19
6 38 2147483647 67
1 38 1 67
6 100 2147483647 59
1 100 1 59
6 97 2147483647 98
1 97 1 98
6 57 2147483647 82
1 57 1 82
6 22 2147483647 60
1 22 1 60
6 99 2147483647 34
1 99 1 34
6 88 2147483647 60
1 88 1 60
6 51 2147483647 55
1 51 1 55
6 58 2147483647 46
1 58 1 46
6 67 2147483647 54
1 67 1 54
6 69 2147483647 2
1 69 1 2
6 73 2147483647 47
1 73 1 47
6 102 30 0
6 2 2147483647 0
7 89 2147483647 9
1 89 1 9
7 90 2147483647 73
1 90 1 73
7 44 2147483647 78
1 44 1 78
7 52 2147483647 38
1 52 1 38
7 99 2147483647 57
1 99 1 57
7 45 2147483647 33
1 45 1 33
7 80 2147483647 33
1 80 1 33
7 28 2147483647 67
1 28 1 67
7 63 2147483647 23
1 63 1 23
7 66 2147483647 21
1 66 1 21
7 93 2147483647 47
1 93 1 47
7 50 2147483647 70
1 50 1 70
7 57 2147483647 68
1 57 1 68
7 65 2147483647 87
1 65 1 87
7 42 2147483647 81
1 42 1 81
7 78 2147483647 65
1 78 1 65
7 24 2147483647 69
1 24 1 69
7 72 2147483647 72
1 72 1 72
7 27 2147483647 80
1 27 1 80
7 73 2147483647 95
1 73 1 95
7 87 2147483647 25
1 87 1 25
7 35 2147483647 42
1 35 1 42
7 37 2147483647 20
1 37 1 20
7 76 2147483647 92
1 76 1 92
7 85 2147483647 63
1 85 1 63
7 32 2147483647 32
1 32 1 32
7 34 2147483647 41
1 34 1 41
7 74 2147483647 49
1 74 1 49
7 6 2147483647 39
1 6 1 39
7 43 2147483647 74
1 43 1 74
7 102 30 0
7 2 2147483647 0
8 73 2147483647 21
1 73 1 21
8 76 2147483647 17
1 76 1 17
8 50 2147483647 33
1 50 1 33
8 67 2147483647 32
1 67 1 32
8 35 2147483647 5
1 35 1 5
8 18 2147483647 36
1 18 1 36
8 56 2147483647 87
1 56 1 87
8 33 2147483647 95
1 33 1 95
8 22 2147483647 3
1 22 1 3
8 53 2147483647 7
1 53 1 7
8 19 2147483647 85
1 19 1 85
8 98 2147483647 83
1 98 1 83
8 54 2147483647 36
1 54 1 36
8 37 2147483647 26
1 37 1 26
8 41 2147483647 78
1 41 1 78
8 29 2147483647 50
1 29 1 50
8 45 2147483647 67
1 45 1 67
8 80 2147483647 81
1 80 1 81
8 31 2147483647 55
1 31 1 55
8 84 2147483647 80
1 84 1 80
8 26 2147483647 90
1 26 1 90
8 14 2147483647 26
1 14 1 26
8 12 2147483647 80
1 12 1 80
8 17 2147483647 54
1 17 1 54
8 27 2147483647 70
1 27 1 70
8 99 2147483647 75
1 99 1 75
8 102 26 0
8 2 2147483647 0
9 102 0 0
9 2 2147483647 0
10 32 2147483647 70
1 32 1 70
10 70 2147483647 94
1 70 1 94
10 41 2147483647 51
1 41 1 51
10 91 2147483647 92
1 91 1 92
10 27 2147483647 1
1 27 1 1
10 9 2147483647 58
1 9 1 58
10 76 2147483647 72
1 76 1 72
10 28 2147483647 40
1 28 1 40
10 64 2147483647 24
1 64 1 24
10 34 2147483647 66
1 34 1 66
10 50 2147483647 69
1 50 1 69
10 98 2147483647 67
1 98 1 67
10 75 2147483647 60
1 75 1 60
10 18 2147483647 86
1 18 1 86
10 59 2147483647 23
1 59 1 23
10 80 2147483647 84
1 80 1 84
10 69 2147483647 68
1 69 1 68
10 20 2147483647 41
1 20 1 41
10 82 2147483647 74
1 82 1 74
10 42 2147483647 69
1 42 1 69
10 92 2147483647 2
1 92 1 2
10 100 2147483647 45
1 100 1 45
10 47 2147483647 84
1 47 1 84
10 57 2147483647 100
1 57 1 100
10 72 2147483647 48
1 72 1 48
10 48 2147483647 67
1 48 1 67
10 88 2147483647 1
1 88 1 1
10 35 2147483647 66
1 35 1 66
10 84 2147483647 47
1 84 1 47
10 68 2147483647 50
1 68 1 50
10 102 30 0
10 2 2147483647 0
11 27 2147483647 83
1 27 1 83
11 99 2147483647 74
1 99 1 74
11 54 2147483647 69
1 54 1 69
11 76 2147483647 29
1 76 1 29
11 22 2147483647 35
1 22 1 35
11 36 2147483647 96
1 36 1 96
11 18 2147483647 86
1 18 1 86
11 26 2147483647 23
1 26 1 23
11 41 2147483647 4
1 41 1 4
11 45 2147483647 56
1 45 1 56
11 12 2147483647 74
1 12 1 74
11 75 2147483647 57
1 75 1 57
11 51 2147483647 7
1 51 1 7
11 47 2147483647 67
1 47 1 67
11 52 2147483647 89
1 52 1 89
11 67 2147483647 16
1 67 1 16
11 72 2147483647 34
1 72 1 34
11 19 2147483647 72
1 19 1 72
11 80 2147483647 63
1 80 1 63
11 17 2147483647 46
1 17 1 46
11 65 2147483647 61
1 65 1 61
11 15 2147483647 62
1 15 1 62
11 84 2147483647 53
1 84 1 53
11 42 2147483647 56
1 42 1 56
11 57 2147483647 8
1 57 1 8
11 46 2147483647 19
1 46 1 19
11 102 26 0
11 2 2147483647 0
12 102 0 0
12 2 2147483647 0
13 59 2147483647 78
1 59 1 78
13 16 2147483647 23
1 16 1 23
13 42 2147483647 14
1 42 1 14
13 80 2147483647 47
1 80 1 47
13 38 2147483647 51
1 38 1 51
13 19 2147483647 75
1 19 1 75
13 68 2147483647 14
1 68 1 14
13 97 2147483647 79
1 97 1 79
13 99 2147483647 77
1 99 1 77
13 11 2147483647 11
1 11 1 11
13 34 2147483647 64
1 34 1 64
13 78 2147483647 90
1 78 1 90
13 52 2147483647 100
1 52 1 100
13 25 2147483647 31
1 25 1 31
13 63 2147483647 6
1 63 1 6
13 95 2147483647 24
1 95 1 24
13 100 2147483647 37
1 100 1 37
13 26 2147483647 60
1 26 1 60
13 29 2147483647 87
1 29 1 87
13 44 2147483647 31
1 44 1 31
13 86 2147483647 22
1 86 1 22
13 5 2147483647 81
1 5 1 81
13 12 2147483647 98
1 12 1 98
13 48 2147483647 17
1 48 1 17
13 90 2147483647 25
1 90 1 25
13 82 2147483647 69
1 82 1 69
13 85 2147483647 54
1 85 1 54
13 36 2147483647 31
1 36 1 31
13 40 2147483647 98
1 40 1 98
13 9 2147483647 5
1 9 1 5
13 102 30 0
13 2 2147483647 0
14 20 2147483647 46
1 20 1 46
14 27 2147483647 42
1 27 1 42
14 101 2147483647 93
1 101 1 93
14 19 2147483647 75
1 19 1 75
14 50 2147483647 15
1 50 1 15
14 30 2147483647 12
1 30 1 12
14 52 2147483647 35
1 52 1 35
14 18 2147483647 90
1 18 1 90
14 47 2147483647 67
1 47 1 67
14 67 2147483647 52
1 67 1 52
14 9 2147483647 54
1 9 1 54
14 53 2147483647 42
1 53 1 42
14 98 2147483647 3
1 98 1 3
14 65 2147483647 55
1 65 1 55
14 62 2147483647 43
1 62 1 43
14 17 2147483647 68
1 17 1 68
14 33 2147483647 92
1 33 1 92
14 102 17 0
14 2 2147483647 0
15 12 2147483647 37
1 12 1 37
15 30 2147483647 56
1 30 1 56
15 62 2147483647 77
1 62 1 77
15 27 2147483647 22
1 27 1 22
15 102 4 0
15 2 2147483647 0
16 37 2147483647 34
1 37 1 34
16 97 2147483647 63
1 97 1 63
16 50 2147483647 31
1 50 1 31
16 26 2147483647 12
1 26 1 12
16 20 2147483647 50
1 20 1 50
16 14 2147483647 100
1 14 1 100
16 98 2147483647 57
1 98 1 57
16 76 2147483647 16
1 76 1 16
16 62 2147483647 27
1 62 1 27
16 31 2147483647 72
1 31 1 72
16 72 2147483647 44
1 72 1 44
16 87 2147483647 10
1 87 1 10
16 18 2147483647 69
1 18 1 69
16 36 2147483647 98
1 36 1 98
16 91 2147483647 94
1 91 1 94
16 22 2147483647 19
1 22 1 19
16 12 2147483647 72
1 12 1 72
16 80 2147483647 51
1 80 1 51
16 101 2147483647 54
1 101 1 54
16 11 2147483647 43
1 11 1 43
16 33 2147483647 87
1 33 1 87
16 58 2147483647 12
1 58 1 12
16 19 2147483647 4
1 19 1 4
16 40 2147483647 10
1 40 1 10
16 41 2147483647 88
1 41 1 88
16 51 2147483647 97
1 51 1 97
16 75 2147483647 55
1 75 1 55
16 57 2147483647 40
1 57 1 40
16 17 2147483647 80
1 17 1 80
16 55 2147483647 76
1 55 1 76
16 102 30 0
16 2 2147483647 0
17 50 2147483647 98
1 50 1 98
17 19 2147483647 85
1 19 1 85
17 20 2147483647 48
1 20 1 48
17 12 2147483647 35
1 12 1 35
17 52 2147483647 16
1 52 1 16
17 62 2147483647 51
1 62 1 51
17 27 2147483647 89
1 27 1 89
17 30 2147483647 13
1 30 1 13
17 9 2147483647 58
1 9 1 58
17 65 2147483647 7
1 65 1 7
17 33 2147483647 99
1 33 1 99
17 102 11 0
17 2 2147483647 0
18 98 2147483647 39
1 98 1 39
18 65 2147483647 76
1 65 1 76
18 9 2147483647 88
1 9 1 88
18 76 2147483647 42
1 76 1 42
18 15 2147483647 61
1 15 1 61
18 19 2147483647 10
1 19 1 10
18 52 2147483647 40
1 52 1 40
18 50 2147483647 96
1 50 1 96
18 102 8 0
18 2 2147483647 0
19 30 2147483647 84
1 30 1 84
19 62 2147483647 20
1 62 1 20
19 52 2147483647 20
1 52 1 20
19 12 2147483647 77
1 12 1 77
19 102 4 0
19 2 2147483647 0
20 102 0 0
20 2 2147483647 0
21 95 2147483647 20
1 95 1 20
21 48 2147483647 59
1 48 1 59
21 84 2147483647 68
1 84 1 68
21 23 2147483647 28
1 23 1 28
21 53 2147483647 86
1 53 1 86
21 18 2147483647 28
1 18 1 28
21 68 2147483647 65
1 68 1 65
21 67 2147483647 3
1 67 1 3
21 17 2147483647 62
1 17 1 62
21 27 2147483647 22
1 27 1 22
21 13 2147483647 53
1 13 1 53
21 81 2147483647 94
1 81 1 94
21 7 2147483647 94
1 7 1 94
21 15 2147483647 2
1 15 1 2
21 5 2147483647 91
1 5 1 91
21 28 2147483647 38
1 28 1 38
21 32 2147483647 78
1 32 1 78
21 24 2147483647 35
1 24 1 35
21 62 2147483647 22
1 62 1 22
21 98 2147483647 24
1 98 1 24
21 4 2147483647 36
1 4 1 36
21 9 2147483647 41
1 9 1 41
21 49 2147483647 50
1 49 1 50
21 96 2147483647 85
1 96 1 85
21 10 2147483647 7
1 10 1 7
21 75 2147483647 90
1 75 1 90
21 97 2147483647 54
1 97 1 54
21 52 2147483647 93
1 52 1 93
21 71 2147483647 84
1 71 1 84
21 73 2147483647 73
1 73 1 73
21 102 30 0
21 2 2147483647 0
22 102 0 0
22 2 2147483647 0
23 92 2147483647 53
1 92 1 53
23 39 2147483647 53
1 39 1 53
23 58 2147483647 88
1 58 1 88
23 15 2147483647 72
1 15 1 72
23 55 2147483647 29
1 55 1 29
23 98 2147483647 77
1 98 1 77
23 56 2147483647 14
1 56 1 14
23 88 2147483647 53
1 88 1 53
23 20 2147483647 10
1 20 1 10
23 82 2147483647 42
1 82 1 42
23 32 2147483647 98
1 32 1 98
23 11 2147483647 39
1 11 1 39
23 36 2147483647 4
1 36 1 4
23 26 2147483647 81
1 26 1 81
23 30 2147483647 44
1 30 1 44
23 19 2147483647 46
1 19 1 46
23 53 2147483647 54
1 53 1 54
23 78 2147483647 6
1 78 1 6
23 7 2147483647 37
1 7 1 37
23 69 2147483647 100
1 69 1 100
23 12 2147483647 2
1 12 1 2
23 66 2147483647 6
1 66 1 6
23 25 2147483647 80
1 25 1 80
23 43 2147483647 74
1 43 1 74
23 38 2147483647 36
1 38 1 36
23 99 2147483647 80
1 99 1 80
23 28 2147483647 17
1 28 1 17
23 45 2147483647 7
1 45 1 7
23 70 2147483647 4
1 70 1 4
23 80 2147483647 39
1 80 1 39
23 102 30 0
23 2 2147483647 0
24 99 2147483647 89
1 99 1 89
24 26 2147483647 46
1 26 1 46
24 53 2147483647 77
1 53 1 77
24 50 2147483647 37
1 50 1 37
24 5 2147483647 11
1 5 1 11
24 8 2147483647 60
1 8 1 60
24 41 2147483647 7
1 41 1 7
24 72 2147483647 100
1 72 1 100
24 62 2147483647 2
1 62 1 2
24 76 2147483647 4
1 76 1 4
24 38 2147483647 10
1 38 1 10
24 37 2147483647 92
1 37 1 92
24 27 2147483647 49
1 27 1 49
24 31 2147483647 14
1 31 1 14
24 54 2147483647 22
1 54 1 22
24 11 2147483647 97
1 11 1 97
24 52 2147483647 57
1 52 1 57
24 15 2147483647 17
1 15 1 17
24 18 2147483647 45
1 18 1 45
24 55 2147483647 68
1 55 1 68
24 80 2147483647 6
1 80 1 6
24 9 2147483647 63
1 9 1 63
24 67 2147483647 43
1 67 1 43
24 65 2147483647 12
1 65 1 12
24 14 2147483647 51
1 14 1 51
24 57 2147483647 38
1 57 1 38
24 84 2147483647 27
1 84 1 27
24 12 2147483647 21
1 12 1 21
24 89 2147483647 61
1 89 1 61
24 20 2147483647 80
1 20 1 80
24 102 30 0
24 2 2147483647 0
25 51 2147483647 30
1 51 1 30
25 22 2147483647 13
1 22 1 13
25 37 2147483647 1
1 37 1 1
25 58 2147483647 66
1 58 1 66
25 56 2147483647 51
1 56 1 51
25 86 2147483647 53
1 86 1 53
25 11 2147483647 39
1 11 1 39
25 43 2147483647 56
1 43 1 56
25 38 2147483647 23
1 38 1 23
25 53 2147483647 37
1 53 1 37
25 62 2147483647 45
1 62 1 45
25 97 2147483647 64
1 97 1 64
25 24 2147483647 63
1 24 1 63
25 78 2147483647 41
1 78 1 41
25 40 2147483647 90
1 40 1 90
25 29 2147483647 92
1 29 1 92
25 36 2147483647 41
1 36 1 41
25 45 2147483647 17
1 45 1 17
25 9 2147483647 98
1 9 1 98
25 41 2147483647 55
1 41 1 55
25 15 2147483647 21
1 15 1 21
25 65 2147483647 71
1 65 1 71
25 12 2147483647 38
1 12 1 38
25 99 2147483647 50
1 99 1 50
25 33 2147483647 51
1 33 1 51
25 6 2147483647 66
1 6 1 66
25 66 2147483647 86
1 66 1 86
25 80 2147483647 58
1 80 1 58
25 87 2147483647 92
1 87 1 92
25 88 2147483647 68
1 88 1 68
25 102 30 0
25 2 2147483647 0
26 67 2147483647 31
1 67 1 31
26 30 2147483647 90
1 30 1 90
26 98 2147483647 44
1 98 1 44
26 54 2147483647 78
1 54 1 78
26 76 2147483647 95
1 76 1 95
26 47 2147483647 58
1 47 1 58
26 27 2147483647 45
1 27 1 45
26 101 2147483647 29
1 101 1 29
26 73 2147483647 68
1 73 1 68
26 18 2147483647 1
1 18 1 1
26 9 2147483647 46
1 9 1 46
26 52 2147483647 77
1 52 1 77
26 102 12 0
26 2 2147483647 0
27 102 0 0
27 2 2147483647 0
28 90 2147483647 74
1 90 1 74
28 56 2147483647 26
1 56 1 26
28 25 2147483647 1
1 25 1 1
28 40 2147483647 16
1 40 1 16
28 53 2147483647 70
1 53 1 70
28 82 2147483647 36
1 82 1 36
28 37 2147483647 46
1 37 1 46
28 96 2147483647 80
1 96 1 80
28 17 2147483647 18
1 17 1 18
28 101 2147483647 42
1 101 1 42
28 65 2147483647 97
1 65 1 97
28 76 2147483647 72
1 76 1 72
28 62 2147483647 7
1 62 1 7
28 44 2147483647 7
1 44 1 7
28 30 2147483647 13
1 30 1 13
28 5 2147483647 8
1 5 1 8
28 47 2147483647 62
1 47 1 62
28 11 2147483647 15
1 11 1 15
28 70 2147483647 21
1 70 1 21
28 22 2147483647 16
1 22 1 16
28 20 2147483647 35
1 20 1 35
28 77 2147483647 27
1 77 1 27
28 19 2147483647 27
1 19 1 27
28 57 2147483647 85
1 57 1 85
28 87 2147483647 22
1 87 1 22
28 66 2147483647 45
1 66 1 45
28 38 2147483647 2
1 38 1 2
28 63 2147483647 81
1 63 1 81
28 61 2147483647 2
1 61 1 2
28 34 2147483647 8
1 34 1 8
28 102 30 0
28 2 2147483647 0
29 12 2147483647 28
1 12 1 28
29 98 2147483647 76
1 98 1 76
29 33 2147483647 53
1 33 1 53
29 27 2147483647 1
1 27 1 1
29 62 2147483647 73
1 62 1 73
29 30 2147483647 21
1 30 1 21
29 102 6 0
29 2 2147483647 0
30 12 2147483647 62
1 12 1 62
30 102 1 0
30 2 2147483647 0
31 102 0 0
31 2 2147483647 0
32 63 2147483647 40
1 63 1 40
32 18 2147483647 96
1 18 1 96
32 52 2147483647 85
1 52 1 85
32 70 2147483647 17
1 70 1 17
32 35 2147483647 39
1 35 1 39
32 44 2147483647 85
1 44 1 85
32 82 2147483647 80
1 82 1 80
32 25 2147483647 91
1 25 1 91
32 36 2147483647 87
1 36 1 87
32 33 2147483647 55
1 33 1 55
32 97 2147483647 43
1 97 1 43
32 64 2147483647 31
1 64 1 31
32 99 2147483647 70
1 99 1 70
32 92 2147483647 89
1 92 1 89
32 72 2147483647 9
1 72 1 9
32 68 2147483647 90
1 68 1 90
32 65 2147483647 100
1 65 1 100
32 37 2147483647 41
1 37 1 41
32 48 2147483647 15
1 48 1 15
32 80 2147483647 55
1 80 1 55
32 78 2147483647 35
1 78 1 35
32 100 2147483647 48
1 100 1 48
32 42 2147483647 52
1 42 1 52
32 95 2147483647 86
1 95 1 86
32 53 2147483647 1
1 53 1 1
32 5 2147483647 56
1 5 1 56
32 51 2147483647 41
1 51 1 41
32 88 2147483647 98
1 88 1 98
32 67 2147483647 81
1 67 1 81
32 8 2147483647 68
1 8 1 68
32 102 30 0
32 2 2147483647 0
33 19 2147483647 61
1 19 1 61
33 50 2147483647 4
1 50 1 4
33 102 2 0
33 2 2147483647 0
34 26 2147483647 3
1 26 1 3
34 54 2147483647 27
1 54 1 27
34 44 2147483647 83
1 44 1 83
34 33 2147483647 41
1 33 1 41
34 15 2147483647 89
1 15 1 89
34 8 2147483647 98
1 8 1 98
34 67 2147483647 43
1 67 1 43
34 30 2147483647 66
1 30 1 66
34 42 2147483647 50
1 42 1 50
34 52 2147483647 60
1 52 1 60
34 17 2147483647 52
1 17 1 52
34 87 2147483647 35
1 87 1 35
34 36 2147483647 9
1 36 1 9
34 27 2147483647 49
1 27 1 49
34 9 2147483647 33
1 9 1 33
34 75 2147483647 47
1 75 1 47
34 53 2147483647 32
1 53 1 32
34 88 2147483647 97
1 88 1 97
34 100 2147483647 10
1 100 1 10
34 80 2147483647 86
1 80 1 86
34 84 2147483647 14
1 84 1 14
34 51 2147483647 81
1 51 1 81
34 56 2147483647 20
1 56 1 20
34 61 2147483647 69
1 61 1 69
34 99 2147483647 43
1 99 1 43
34 91 2147483647 2
1 91 1 2
34 45 2147483647 22
1 45 1 22
34 50 2147483647 51
1 50 1 51
34 69 2147483647 100
1 69 1 100
34 73 2147483647 96
1 73 1 96
34 102 30 0
34 2 2147483647 0
35 76 2147483647 5
1 76 1 5
35 26 2147483647 6
1 26 1 6
35 50 2147483647 26
1 50 1 26
35 30 2147483647 100
1 30 1 100
35 37 2147483647 9
1 37 1 9
35 15 2147483647 2
1 15 1 2
35 67 2147483647 75
1 67 1 75
35 54 2147483647 44
1 54 1 44
35 19 2147483647 16
1 19 1 16
35 20 2147483647 31
1 20 1 31
35 47 2147483647 65
1 47 1 65
35 101 2147483647 98
1 101 1 98
35 53 2147483647 21
1 53 1 21
35 65 2147483647 34
1 65 1 34
35 12 2147483647 55
1 12 1 55
35 5 2147483647 17
1 5 1 17
35 31 2147483647 79
1 31 1 79
35 102 17 0
35 2 2147483647 0
36 19 2147483647 50
1 19 1 50
36 57 2147483647 76
1 57 1 76
36 98 2147483647 58
1 98 1 58
36 31 2147483647 46
1 31 1 46
36 30 2147483647 40
1 30 1 40
36 20 2147483647 31
1 20 1 31
36 8 2147483647 21
1 8 1 21
36 61 2147483647 96
1 61 1 96
36 84 2147483647 69
1 84 1 69
36 15 2147483647 9
1 15 1 9
36 65 2147483647 89
1 65 1 89
36 67 2147483647 91
1 67 1 91
36 62 2147483647 75
1 62 1 75
36 27 2147483647 89
1 27 1 89
36 18 2147483647 93
1 18 1 93
36 56 2147483647 88
1 56 1 88
36 41 2147483647 47
1 41 1 47
36 55 2147483647 70
1 55 1 70
36 26 2147483647 23
1 26 1 23
36 101 2147483647 1
1 101 1 1
36 12 2147483647 91
1 12 1 91
36 44 2147483647 67
1 44 1 67
36 99 2147483647 39
1 99 1 39
36 37 2147483647 4
1 37 1 4
36 33 2147483647 84
1 33 1 84
36 47 2147483647 26
1 47 1 26
36 102 26 0
36 2 2147483647 0
37 17 2147483647 8
1 17 1 8
37 53 2147483647 73
1 53 1 73
37 67 2147483647 54
1 67 1 54
37 76 2147483647 38
1 76 1 38
37 33 2147483647 7
1 33 1 7
37 47 2147483647 95
1 47 1 95
37 101 2147483647 44
1 101 1 44
37 27 2147483647 6
1 27 1 6
37 62 2147483647 62
1 62 1 62
37 15 2147483647 33
1 15 1 33
37 54 2147483647 83
1 54 1 83
37 20 2147483647 89
1 20 1 89
37 52 2147483647 56
1 52 1 56
37 30 2147483647 4
1 30 1 4
37 14 2147483647 82
1 14 1 82
37 65 2147483647 93
1 65 1 93
37 102 16 0
37 2 2147483647 0
38 69 2147483647 36
1 69 1 36
38 12 2147483647 51
1 12 1 51
38 87 2147483647 56
1 87 1 56
38 9 2147483647 62
1 9 1 62
38 51 2147483647 41
1 51 1 41
38 42 2147483647 36
1 42 1 36
38 34 2147483647 82
1 34 1 82
38 62 2147483647 4
1 62 1 4
38 53 2147483647 50
1 53 1 50
38 22 2147483647 92
1 22 1 92
38 20 2147483647 88
1 20 1 88
38 33 2147483647 19
1 33 1 19
38 36 2147483647 10
1 36 1 10
38 17 2147483647 46
1 17 1 46
38 50 2147483647 52
1 50 1 52
38 76 2147483647 50
1 76 1 50
38 37 2147483647 41
1 37 1 41
38 80 2147483647 68
1 80 1 68
38 44 2147483647 82
1 44 1 82
38 88 2147483647 78
1 88 1 78
38 57 2147483647 57
1 57 1 57
38 99 2147483647 57
1 99 1 57
38 72 2147483647 4
1 72 1 4
38 55 2147483647 58
1 55 1 58
38 19 2147483647 23
1 19 1 23
38 91 2147483647 34
1 91 1 34
38 100 2147483647 68
1 100 1 68
38 84 2147483647 59
1 84 1 59
38 97 2147483647 72
1 97 1 72
38 14 2147483647 14
1 14 1 14
38 102 30 0
38 2 2147483647 0
39 27 2147483647 71
1 27 1 71
39 45 2147483647 75
1 45 1 75
39 36 2147483647 1
1 36 1 1
39 31 2147483647 44
1 31 1 44
39 76 2147483647 94
1 76 1 94
39 20 2147483647 98
1 20 1 98
39 64 2147483647 66
1 64 1 66
39 42 2147483647 10
1 42 1 10
39 98 2147483647 98
1 98 1 98
39 50 2147483647 88
1 50 1 88
39 52 2147483647 90
1 52 1 90
39 29 2147483647 40
1 29 1 40
39 60 2147483647 34
1 60 1 34
39 78 2147483647 48
1 78 1 48
39 18 2147483647 28
1 18 1 28
39 38 2147483647 14
1 38 1 14
39 19 2147483647 98
1 19 1 98
39 55 2147483647 60
1 55 1 60
39 8 2147483647 89
1 8 1 89
39 61 2147483647 38
1 61 1 38
39 37 2147483647 80
1 37 1 80
39 30 2147483647 53
1 30 1 53
39 5 2147483647 62
1 5 1 62
39 77 2147483647 20
1 77 1 20
39 26 2147483647 94
1 26 1 94
39 87 2147483647 22
1 87 1 22
39 91 2147483647 70
1 91 1 70
39 56 2147483647 37
1 56 1 37
39 72 2147483647 80
1 72 1 80
39 101 2147483647 31
1 101 1 31
39 102 30 0
39 2 2147483647 0
40 36 2147483647 71
1 36 1 71
40 22 2147483647 80
1 22 1 80
40 98 2147483647 42
1 98 1 42
40 37 2147483647 19
1 37 1 19
40 62 2147483647 73
1 62 1 73
40 17 2147483647 57
1 17 1 57
40 14 2147483647 44
1 14 1 44
40 12 2147483647 66
1 12 1 66
40 15 2147483647 17
1 15 1 17
40 41 2147483647 40
1 41 1 40
40 5 2147483647 71
1 5 1 71
40 20 2147483647 67
1 20 1 67
40 56 2147483647 72
1 56 1 72
40 65 2147483647 19
1 65 1 19
40 9 2147483647 20
1 9 1 20
40 67 2147483647 5
1 67 1 5
40 18 2147483647 1
1 18 1 1
40 52 2147483647 56
1 52 1 56
40 44 2147483647 29
1 44 1 29
40 84 2147483647 17
1 84 1 17
40 55 2147483647 46
1 55 1 46
40 80 2147483647 71
1 80 1 71
40 30 2147483647 65
1 30 1 65
40 76 2147483647 54
1 76 1 54
40 53 2147483647 37
1 53 1 37
40 35 2147483647 79
1 35 1 79
40 102 26 0
40 2 2147483647 0
41 47 2147483647 19
1 47 1 19
41 76 2147483647 60
1 76 1 60
41 37 2147483647 12
1 37 1 12
41 101 2147483647 65
1 101 1 65
41 20 2147483647 11
1 20 1 11
41 54 2147483647 64
1 54 1 64
41 26 2147483647 17
1 26 1 17
41 29 2147483647 14
1 29 1 14
41 19 2147483647 81
1 19 1 81
41 53 2147483647 25
1 53 1 25
41 5 2147483647 53
1 5 1 53
41 73 2147483647 34
1 73 1 34
41 18 2147483647 71
1 18 1 71
41 14 2147483647 74
1 14 1 74
41 30 2147483647 94
1 30 1 94
41 33 2147483647 55
1 33 1 55
41 102 16 0
41 2 2147483647 0
42 98 2147483647 11
1 98 1 11
42 76 2147483647 58
1 76 1 58
42 31 2147483647 3
1 31 1 3
42 22 2147483647 1
1 22 1 1
42 17 2147483647 41
1 17 1 41
42 84 2147483647 42
1 84 1 42
42 40 2147483647 36
1 40 1 36
42 56 2147483647 3
1 56 1 3
42 54 2147483647 33
1 54 1 33
42 50 2147483647 15
1 50 1 15
42 12 2147483647 16
1 12 1 16
42 51 2147483647 15
1 51 1 15
42 65 2147483647 38
1 65 1 38
42 73 2147483647 27
1 73 1 27
42 30 2147483647 92
1 30 1 92
42 101 2147483647 93
1 101 1 93
42 52 2147483647 39
1 52 1 39
42 26 2147483647 75
1 26 1 75
42 45 2147483647 20
1 45 1 20
42 37 2147483647 19
1 37 1 19
42 8 2147483647 60
1 8 1 60
42 27 2147483647 28
1 27 1 28
42 102 22 0
42 2 2147483647 0
43 6 2147483647 81
1 6 1 81
43 101 2147483647 9
1 101 1 9
43 69 2147483647 73
1 69 1 73
43 56 2147483647 74
1 56 1 74
43 9 2147483647 28
1 9 1 28
43 55 2147483647 93
1 55 1 93
43 37 2147483647 9
1 37 1 9
43 20 2147483647 86
1 20 1 86
43 50 2147483647 79
1 50 1 79
43 54 2147483647 1
1 54 1 1
43 42 2147483647 23
1 42 1 23
43 14 2147483647 89
1 14 1 89
43 8 2147483647 88
1 8 1 88
43 84 2147483647 20
1 84 1 20
43 38 2147483647 85
1 38 1 85
43 46 2147483647 7
1 46 1 7
43 15 2147483647 31
1 15 1 31
43 62 2147483647 36
1 62 1 36
43 65 2147483647 61
1 65 1 61
43 60 2147483647 87
1 60 1 87
43 86 2147483647 91
1 86 1 91
43 16 2147483647 58
1 16 1 58
43 67 2147483647 40
1 67 1 40
43 26 2147483647 3
1 26 1 3
43 5 2147483647 63
1 5 1 63
43 75 2147483647 66
1 75 1 66
43 34 2147483647 11
1 34 1 11
43 89 2147483647 51
1 89 1 51
43 58 2147483647 8
1 58 1 8
43 11 2147483647 45
1 11 1 45
43 102 30 0
43 2 2147483647 0
44 102 0 0
44 2 2147483647 0
45 102 0 0
45 2 2147483647 0
46 102 0 0
46 2 2147483647 0
47 102 0 0
47 2 2147483647 0
48 61 2147483647 7
1 61 1 7
48 12 2147483647 96
1 12 1 96
48 35 2147483647 89
1 35 1 89
48 58 2147483647 87
1 58 1 87
48 85 2147483647 68
1 85 1 68
48 88 2147483647 52
1 88 1 52
48 27 2147483647 10
1 27 1 10
48 9 2147483647 35
1 9 1 35
48 31 2147483647 86
1 31 1 86
48 62 2147483647 8
1 62 1 8
48 73 2147483647 100
1 73 1 100
48 82 2147483647 45
1 82 1 45
48 44 2147483647 79
1 44 1 79
48 51 2147483647 86
1 51 1 86
48 63 2147483647 85
1 63 1 85
48 84 2147483647 98
1 84 1 98
48 52 2147483647 76
1 52 1 76
48 53 2147483647 8
1 53 1 8
48 24 2147483647 30
1 24 1 30
48 18 2147483647 60
1 18 1 60
48 91 2147483647 53
1 91 1 53
48 99 2147483647 89
1 99 1 89
48 69 2147483647 26
1 69 1 26
48 98 2147483647 61
1 98 1 61
48 66 2147483647 47
1 66 1 47
48 36 2147483647 98
1 36 1 98
48 22 2147483647 40
1 22 1 40
48 34 2147483647 27
1 34 1 27
48 97 2147483647 80
1 97 1 80
48 59 2147483647 54
1 59 1 54
48 102 30 0
48 2 2147483647 0
49 4 2147483647 57
1 4 1 57
49 10 2147483647 65
1 10 1 65
49 81 2147483647 92
1 81 1 92
49 13 2147483647 4
1 13 1 4
49 88 2147483647 19
1 88 1 19
49 91 2147483647 21
1 91 1 21
49 31 2147483647 67
1 31 1 67
49 84 2147483647 17
1 84 1 17
49 71 2147483647 75
1 71 1 75
49 59 2147483647 12
1 59 1 12
49 19 2147483647 27
1 19 1 27
49 22 2147483647 42
1 22 1 42
49 73 2147483647 2
1 73 1 2
49 65 2147483647 39
1 65 1 39
49 39 2147483647 50
1 39 1 50
49 54 2147483647 72
1 54 1 72
49 38 2147483647 78
1 38 1 78
49 20 2147483647 95
1 20 1 95
49 50 2147483647 64
1 50 1 64
49 61 2147483647 17
1 61 1 17
49 75 2147483647 56
1 75 1 56
49 43 2147483647 45
1 43 1 45
49 58 2147483647 86
1 58 1 86
49 42 2147483647 54
1 42 1 54
49 11 2147483647 22
1 11 1 22
49 62 2147483647 100
1 62 1 100
49 34 2147483647 91
1 34 1 91
49 87 2147483647 59
1 87 1 59
49 63 2147483647 97
1 63 1 97
49 101 2147483647 19
1 101 1 19
49 102 30 0
49 2 2147483647 0
50 52 2147483647 7
1 52 1 7
50 27 2147483647 33
1 27 1 33
50 30 2147483647 97
1 30 1 97
50 19 2147483647 19
1 19 1 19
50 67 2147483647 16
1 67 1 16
50 102 5 0
50 2 2147483647 0
51 31 2147483647 37
1 31 1 37
51 15 2147483647 99
1 15 1 99
51 62 2147483647 62
1 62 1 62
51 5 2147483647 68
1 5 1 68
51 35 2147483647 81
1 35 1 81
51 84 2147483647 39
1 84 1 39
51 19 2147483647 41
1 19 1 41
51 45 2147483647 12
1 45 1 12
51 50 2147483647 42
1 50 1 42
51 17 2147483647 65
1 17 1 65
51 52 2147483647 3
1 52 1 3
51 33 2147483647 22
1 33 1 22
51 76 2147483647 16
1 76 1 16
51 29 2147483647 88
1 29 1 88
51 67 2147483647 89
1 67 1 89
51 101 2147483647 11
1 101 1 11
51 9 2147483647 85
1 9 1 85
51 98 2147483647 7
1 98 1 7
51 102 18 0
51 2 2147483647 0
52 12 2147483647 52
1 12 1 52
52 30 2147483647 50
1 30 1 50
52 102 2 0
52 2 2147483647 0
53 67 2147483647 11
1 67 1 11
53 62 2147483647 87
1 62 1 87
53 9 2147483647 87
1 9 1 87
53 50 2147483647 45
1 50 1 45
53 33 2147483647 99
1 33 1 99
53 52 2147483647 47
1 52 1 47
53 19 2147483647 34
1 19 1 34
53 65 2147483647 90
1 65 1 90
53 98 2147483647 49
1 98 1 49
53 30 2147483647 16
1 30 1 16
53 102 10 0
53 2 2147483647 0
54 53 2147483647 49
1 53 1 49
54 29 2147483647 8
1 29 1 8
54 33 2147483647 51
1 33 1 51
54 12 2147483647 81
1 12 1 81
54 76 2147483647 40
1 76 1 40
54 19 2147483647 67
1 19 1 67
54 30 2147483647 54
1 30 1 54
54 47 2147483647 63
1 47 1 63
54 98 2147483647 66
1 98 1 66
54 65 2147483647 53
1 65 1 53
54 102 10 0
54 2 2147483647 0
55 35 2147483647 8
1 35 1 8
55 53 2147483647 40
1 53 1 40
55 54 2147483647 12
1 54 1 12
55 5 2147483647 14
1 5 1 14
55 98 2147483647 7
1 98 1 7
55 57 2147483647 62
1 57 1 62
55 52 2147483647 24
1 52 1 24
55 18 2147483647 26
1 18 1 26
55 50 2147483647 37
1 50 1 37
55 17 2147483647 57
1 17 1 57
55 51 2147483647 28
1 51 1 28
55 41 2147483647 34
1 41 1 34
55 84 2147483647 18
1 84 1 18
55 19 2147483647 34
1 19 1 34
55 65 2147483647 92
1 65 1 92
55 20 2147483647 47
1 20 1 47
55 31 2147483647 81
1 31 1 81
55 80 2147483647 11
1 80 1 11
55 30 2147483647 10
1 30 1 10
55 15 2147483647 70
1 15 1 70
55 33 2147483647 19
1 33 1 19
55 9 2147483647 81
1 9 1 81
55 102 22 0
55 2 2147483647 0
56 47 2147483647 59
1 47 1 59
56 26 2147483647 7
1 26 1 7
56 53 2147483647 80
1 53 1 80
56 35 2147483647 57
1 35 1 57
56 51 2147483647 19
1 51 1 19
56 5 2147483647 95
1 5 1 95
56 67 2147483647 98
1 67 1 98
56 98 2147483647 79
1 98 1 79
56 14 2147483647 81
1 14 1 81
56 29 2147483647 42
1 29 1 42
56 65 2147483647 21
1 65 1 21
56 84 2147483647 6
1 84 1 6
56 33 2147483647 50
1 33 1 50
56 50 2147483647 47
1 50 1 47
56 20 2147483647 9
1 20 1 9
56 30 2147483647 72
1 30 1 72
56 102 16 0
56 2 2147483647 0
57 47 2147483647 70
1 47 1 70
57 37 2147483647 15
1 37 1 15
57 53 2147483647 15
1 53 1 15
57 51 2147483647 18
1 51 1 18
57 84 2147483647 7
1 84 1 7
57 30 2147483647 21
1 30 1 21
57 17 2147483647 33
1 17 1 33
57 44 2147483647 14
1 44 1 14
57 54 2147483647 20
1 54 1 20
57 9 2147483647 23
1 9 1 23
57 76 2147483647 68
1 76 1 68
57 67 2147483647 5
1 67 1 5
57 29 2147483647 23
1 29 1 23
57 26 2147483647 64
1 26 1 64
57 31 2147483647 10
1 31 1 10
57 12 2147483647 1
1 12 1 1
57 14 2147483647 48
1 14 1 48
57 45 2147483647 74
1 45 1 74
57 5 2147483647 77
1 5 1 77
57 62 2147483647 48
1 62 1 48
57 52 2147483647 31
1 52 1 31
57 73 2147483647 42
1 73 1 42
57 33 2147483647 99
1 33 1 99
57 98 2147483647 85
1 98 1 85
57 41 2147483647 30
1 41 1 30
57 101 2147483647 34
1 101 1 34
57 102 26 0
57 2 2147483647 0
58 27 2147483647 72
1 27 1 72
58 100 2147483647 42
1 100 1 42
58 18 2147483647 94
1 18 1 94
58 61 2147483647 10
1 61 1 10
58 5 2147483647 50
1 5 1 50
58 101 2147483647 2
1 101 1 2
58 35 2147483647 98
1 35 1 98
58 40 2147483647 7
1 40 1 7
58 54 2147483647 90
1 54 1 90
58 38 2147483647 36
1 38 1 36
58 97 2147483647 58
1 97 1 58
58 29 2147483647 32
1 29 1 32
58 22 2147483647 33
1 22 1 33
58 46 2147483647 95
1 46 1 95
58 91 2147483647 43
1 91 1 43
58 24 2147483647 85
1 24 1 85
58 55 2147483647 23
1 55 1 23
58 57 2147483647 97
1 57 1 97
58 98 2147483647 39
1 98 1 39
58 45 2147483647 60
1 45 1 60
58 30 2147483647 15
1 30 1 15
58 12 2147483647 30
1 12 1 30
58 31 2147483647 94
1 31 1 94
58 52 2147483647 63
1 52 1 63
58 42 2147483647 10
1 42 1 10
58 19 2147483647 50
1 19 1 50
58 37 2147483647 33
1 37 1 33
58 51 2147483647 9
1 51 1 9
58 14 2147483647 88
1 14 1 88
58 50 2147483647 25
1 50 1 25
58 102 30 0
58 2 2147483647 0
59 24 2147483647 24
1 24 1 24
59 41 2147483647 16
1 41 1 16
59 37 2147483647 7
1 37 1 7
59 5 2147483647 19
1 5 1 19
59 57 2147483647 55
1 57 1 55
59 56 2147483647 22
1 56 1 22
59 71 2147483647 65
1 71 1 65
59 26 2147483647 36
1 26 1 36
59 73 2147483647 19
1 73 1 19
59 98 2147483647 19
1 98 1 19
59 72 2147483647 32
1 72 1 32
59 42 2147483647 56
1 42 1 56
59 87 2147483647 5
1 87 1 5
59 33 2147483647 41
1 33 1 41
59 80 2147483647 49
1 80 1 49
59 17 2147483647 44
1 17 1 44
59 91 2147483647 18
1 91 1 18
59 61 2147483647 66
1 61 1 66
59 20 2147483647 44
1 20 1 44
59 15 2147483647 61
1 15 1 61
59 101 2147483647 26
1 101 1 26
59 90 2147483647 39
1 90 1 39
59 75 2147483647 85
1 75 1 85
59 54 2147483647 91
1 54 1 91
59 60 2147483647 40
1 60 1 40
59 12 2147483647 50
1 12 1 50
59 47 2147483647 87
1 47 1 87
59 43 2147483647 82
1 43 1 82
59 77 2147483647 2
1 77 1 2
59 9 2147483647 40
1 9 1 40
59 102 30 0
59 2 2147483647 0
60 56 2147483647 24
1 56 1 24
60 89 2147483647 70
1 89 1 70
60 61 2147483647 64
1 61 1 64
60 33 2147483647 42
1 33 1 42
60 26 2147483647 94
1 26 1 94
60 97 2147483647 50
1 97 1 50
60 37 2147483647 91
1 37 1 91
60 76 2147483647 14
1 76 1 14
60 65 2147483647 80
1 65 1 80
60 58 2147483647 22
1 58 1 22
60 62 2147483647 95
1 62 1 95
60 6 2147483647 63
1 6 1 63
60 99 2147483647 72
1 99 1 72
60 8 2147483647 13
1 8 1 13
60 38 2147483647 13
1 38 1 13
60 11 2147483647 12
1 11 1 12
60 31 2147483647 82
1 31 1 82
60 35 2147483647 38
1 35 1 38
60 54 2147483647 97
1 54 1 97
60 80 2147483647 65
1 80 1 65
60 41 2147483647 77
1 41 1 77
60 69 2147483647 90
1 69 1 90
60 42 2147483647 41
1 42 1 41
60 29 2147483647 78
1 29 1 78
60 86 2147483647 60
1 86 1 60
60 53 2147483647 94
1 53 1 94
60 12 2147483647 65
1 12 1 65
60 17 2147483647 18
1 17 1 18
60 87 2147483647 89
1 87 1 89
60 46 2147483647 35
1 46 1 35
60 102 30 0
60 2 2147483647 0
61 5 2147483647 86
1 5 1 86
61 99 2147483647 46
1 99 1 46
61 33 2147483647 13
1 33 1 13
61 56 2147483647 66
1 56 1 66
61 50 2147483647 46
1 50 1 46
61 65 2147483647 82
1 65 1 82
61 27 2147483647 85
1 27 1 85
61 76 2147483647 21
1 76 1 21
61 35 2147483647 24
1 35 1 24
61 80 2147483647 61
1 80 1 61
61 84 2147483647 4
1 84 1 4
61 53 2147483647 20
1 53 1 20
61 57 2147483647 79
1 57 1 79
61 45 2147483647 19
1 45 1 19
61 37 2147483647 72
1 37 1 72
61 54 2147483647 98
1 54 1 98
61 30 2147483647 80
1 30 1 80
61 12 2147483647 26
1 12 1 26
61 19 2147483647 15
1 19 1 15
61 22 2147483647 59
1 22 1 59
61 51 2147483647 99
1 51 1 99
61 67 2147483647 35
1 67 1 35
61 102 22 0
61 2 2147483647 0
62 12 2147483647 71
1 12 1 71
62 9 2147483647 13
1 9 1 13
62 52 2147483647 90
1 52 1 90
62 102 3 0
62 2 2147483647 0
63 25 2147483647 30
1 25 1 30
63 34 2147483647 15
1 34 1 15
63 61 2147483647 5
1 61 1 5
63 87 2147483647 51
1 87 1 51
63 41 2147483647 84
1 41 1 84
63 17 2147483647 39
1 17 1 39
63 33 2147483647 83
1 33 1 83
63 15 2147483647 13
1 15 1 13
63 66 2147483647 7
1 66 1 7
63 45 2147483647 53
1 45 1 53
63 78 2147483647 49
1 78 1 49
63 64 2147483647 62
1 64 1 62
63 42 2147483647 9
1 42 1 9
63 77 2147483647 33
1 77 1 33
63 98 2147483647 24
1 98 1 24
63 62 2147483647 62
1 62 1 62
63 99 2147483647 19
1 99 1 19
63 52 2147483647 91
1 52 1 91
63 38 2147483647 58
1 38 1 58
63 84 2147483647 43
1 84 1 43
63 44 2147483647 8
1 44 1 8
63 40 2147483647 75
1 40 1 75
63 35 2147483647 84
1 35 1 84
63 96 2147483647 54
1 96 1 54
63 5 2147483647 83
1 5 1 83
63 14 2147483647 84
1 14 1 84
63 91 2147483647 51
1 91 1 51
63 51 2147483647 56
1 51 1 56
63 86 2147483647 51
1 86 1 51
63 47 2147483647 3
1 47 1 3
63 102 30 0
63 2 2147483647 0
64 88 2147483647 96
1 88 1 96
64 24 2147483647 36
1 24 1 36
64 29 2147483647 10
1 29 1 10
64 14 2147483647 100
1 14 1 100
64 22 2147483647 33
1 22 1 33
64 91 2147483647 32
1 91 1 32
64 60 2147483647 5
1 60 1 5
64 15 2147483647 49
1 15 1 49
64 67 2147483647 78
1 67 1 78
64 97 2147483647 9
1 97 1 9
64 12 2147483647 84
1 12 1 84
64 5 2147483647 20
1 5 1 20
64 72 2147483647 45
1 72 1 45
64 77 2147483647 57
1 77 1 57
64 52 2147483647 35
1 52 1 35
64 26 2147483647 9
1 26 1 9
64 55 2147483647 38
1 55 1 38
64 78 2147483647 36
1 78 1 36
64 47 2147483647 96
1 47 1 96
64 19 2147483647 18
1 19 1 18
64 42 2147483647 4
1 42 1 4
64 33 2147483647 31
1 33 1 31
64 50 2147483647 25
1 50 1 25
64 37 2147483647 25
1 37 1 25
64 51 2147483647 38
1 51 1 38
64 38 2147483647 45
1 38 1 45
64 89 2147483647 12
1 89 1 12
64 18 2147483647 12
1 18 1 12
64 54 2147483647 19
1 54 1 19
64 62 2147483647 82
1 62 1 82
64 102 30 0
64 2 2147483647 0
65 62 2147483647 67
1 62 1 67
65 76 2147483647 46
1 76 1 46
65 15 2147483647 49
1 15 1 49
65 98 2147483647 36
1 98 1 36
65 33 2147483647 13
1 33 1 13
65 52 2147483647 25
1 52 1 25
65 30 2147483647 95
1 30 1 95
65 67 2147483647 17
1 67 1 17
65 102 8 0
65 2 2147483647 0
66 38 2147483647 61
1 38 1 61
66 100 2147483647 6
1 100 1 6
66 46 2147483647 77
1 46 1 77
66 14 2147483647 24
1 14 1 24
66 52 2147483647 13
1 52 1 13
66 50 2147483647 65
1 50 1 65
66 69 2147483647 17
1 69 1 17
66 53 2147483647 79
1 53 1 79
66 18 2147483647 11
1 18 1 11
66 5 2147483647 49
1 5 1 49
66 60 2147483647 76
1 60 1 76
66 17 2147483647 99
1 17 1 99
66 84 2147483647 93
1 84 1 93
66 97 2147483647 95
1 97 1 95
66 56 2147483647 53
1 56 1 53
66 65 2147483647 10
1 65 1 10
66 37 2147483647 57
1 37 1 57
66 51 2147483647 95
1 51 1 95
66 27 2147483647 96
1 27 1 96
66 36 2147483647 75
1 36 1 75
66 35 2147483647 7
1 35 1 7
66 31 2147483647 90
1 31 1 90
66 72 2147483647 70
1 72 1 70
66 98 2147483647 27
1 98 1 27
66 62 2147483647 20
1 62 1 20
66 58 2147483647 27
1 58 1 27
66 34 2147483647 67
1 34 1 67
66 89 2147483647 71
1 89 1 71
66 55 2147483647 64
1 55 1 64
66 30 2147483647 19
1 30 1 19
66 102 30 0
66 2 2147483647 0
67 102 0 0
67 2 2147483647 0
68 87 2147483647 50
1 87 1 50
68 43 2147483647 89
1 43 1 89
68 59 2147483647 54
1 59 1 54
68 66 2147483647 36
1 66 1 36
68 25 2147483647 65
1 25 1 65
68 88 2147483647 36
1 88 1 36
68 5 2147483647 41
1 5 1 41
68 42 2147483647 45
1 42 1 45
68 98 2147483647 22
1 98 1 22
68 67 2147483647 81
1 67 1 81
68 22 2147483647 74
1 22 1 74
68 57 2147483647 81
1 57 1 81
68 36 2147483647 99
1 36 1 99
68 52 2147483647 23
1 52 1 23
68 20 2147483647 100
1 20 1 100
68 61 2147483647 40
1 61 1 40
68 50 2147483647 56
1 50 1 56
68 80 2147483647 74
1 80 1 74
68 47 2147483647 46
1 47 1 46
68 6 2147483647 3
1 6 1 3
68 101 2147483647 94
1 101 1 94
68 58 2147483647 62
1 58 1 62
68 41 2147483647 16
1 41 1 16
68 82 2147483647 76
1 82 1 76
68 24 2147483647 54
1 24 1 54
68 33 2147483647 22
1 33 1 22
68 72 2147483647 89
1 72 1 89
68 51 2147483647 34
1 51 1 34
68 90 2147483647 67
1 90 1 67
68 38 2147483647 49
1 38 1 49
68 102 30 0
68 2 2147483647 0
69 27 2147483647 99
1 27 1 99
69 44 2147483647 82
1 44 1 82
69 76 2147483647 59
1 76 1 59
69 37 2147483647 42
1 37 1 42
69 50 2147483647 56
1 50 1 56
69 47 2147483647 28
1 47 1 28
69 54 2147483647 30
1 54 1 30
69 5 2147483647 94
1 5 1 94
69 73 2147483647 19
1 73 1 19
69 87 2147483647 58
1 87 1 58
69 26 2147483647 27
1 26 1 27
69 91 2147483647 17
1 91 1 17
69 15 2147483647 38
1 15 1 38
69 53 2147483647 58
1 53 1 58
69 17 2147483647 100
1 17 1 100
69 12 2147483647 66
1 12 1 66
69 36 2147483647 77
1 36 1 77
69 56 2147483647 3
1 56 1 3
69 89 2147483647 44
1 89 1 44
69 9 2147483647 65
1 9 1 65
69 67 2147483647 46
1 67 1 46
69 75 2147483647 23
1 75 1 23
69 55 2147483647 2
1 55 1 2
69 8 2147483647 20
1 8 1 20
69 72 2147483647 60
1 72 1 60
69 18 2147483647 86
1 18 1 86
69 102 26 0
69 2 2147483647 0
70 40 2147483647 85
1 40 1 85
70 8 2147483647 73
1 8 1 73
70 59 2147483647 61
1 59 1 61
70 41 2147483647 63
1 41 1 63
70 64 2147483647 69
1 64 1 69
70 56 2147483647 95
1 56 1 95
70 69 2147483647 51
1 69 1 51
70 24 2147483647 57
1 24 1 57
70 19 2147483647 2
1 19 1 2
70 18 2147483647 46
1 18 1 46
70 88 2147483647 33
1 88 1 33
70 36 2147483647 98
1 36 1 98
70 52 2147483647 48
1 52 1 48
70 97 2147483647 55
1 97 1 55
70 73 2147483647 59
1 73 1 59
70 9 2147483647 46
1 9 1 46
70 38 2147483647 6
1 38 1 6
70 68 2147483647 51
1 68 1 51
70 90 2147483647 98
1 90 1 98
70 86 2147483647 5
1 86 1 5
70 34 2147483647 25
1 34 1 25
70 46 2147483647 14
1 46 1 14
70 72 2147483647 92
1 72 1 92
70 71 2147483647 74
1 71 1 74
70 67 2147483647 24
1 67 1 24
70 43 2147483647 62
1 43 1 62
70 12 2147483647 93
1 12 1 93
70 35 2147483647 93
1 35 1 93
70 61 2147483647 46
1 61 1 46
70 6 2147483647 6
1 6 1 6
70 102 30 0
70 2 2147483647 0
71 66 2147483647 79
1 66 1 79
71 8 2147483647 68
1 8 1 68
71 55 2147483647 52
1 55 1 52
71 51 2147483647 17
1 51 1 17
71 100 2147483647 68
1 100 1 68
71 75 2147483647 42
1 75 1 42
71 57 2147483647 40
1 57 1 40
71 41 2147483647 85
1 41 1 85
71 90 2147483647 41
1 90 1 41
71 22 2147483647 85
1 22 1 85
71 27 2147483647 12
1 27 1 12
71 31 2147483647 23
1 31 1 23
71 80 2147483647 70
1 80 1 70
71 86 2147483647 95
1 86 1 95
71 84 2147483647 58
1 84 1 58
71 29 2147483647 34
1 29 1 34
71 37 2147483647 97
1 37 1 97
71 87 2147483647 38
1 87 1 38
71 88 2147483647 73
1 88 1 73
71 34 2147483647 59
1 34 1 59
71 76 2147483647 1
1 76 1 1
71 20 2147483647 50
1 20 1 50
71 99 2147483647 93
1 99 1 93
71 42 2147483647 32
1 42 1 32
71 33 2147483647 54
1 33 1 54
71 15 2147483647 72
1 15 1 72
71 30 2147483647 52
1 30 1 52
71 78 2147483647 41
1 78 1 41
71 45 2147483647 50
1 45 1 50
71 16 2147483647 58
1 16 1 58
71 102 30 0
71 2 2147483647 0
72 37 2147483647 25
1 37 1 25
72 5 2147483647 10
1 5 1 10
72 36 2147483647 27
1 36 1 27
72 35 2147483647 55
1 35 1 55
72 62 2147483647 84
1 62 1 84
72 17 2147483647 51
1 17 1 51
72 54 2147483647 62
1 54 1 62
72 22 2147483647 57
1 22 1 57
72 73 2147483647 67
1 73 1 67
72 45 2147483647 85
1 45 1 85
72 51 2147483647 84
1 51 1 84
72 20 2147483647 81
1 20 1 81
72 98 2147483647 13
1 98 1 13
72 12 2147483647 72
1 12 1 72
72 80 2147483647 60
1 80 1 60
72 57 2147483647 28
1 57 1 28
72 61 2147483647 76
1 61 1 76
72 52 2147483647 76
1 52 1 76
72 53 2147483647 14
1 53 1 14
72 9 2147483647 13
1 9 1 13
72 102 20 0
72 2 2147483647 0
73 14 2147483647 77
1 14 1 77
73 98 2147483647 47
1 98 1 47
73 47 2147483647 18
1 47 1 18
73 17 2147483647 48
1 17 1 48
73 18 2147483647 12
1 18 1 12
73 12 2147483647 65
1 12 1 65
73 19 2147483647 67
1 19 1 67
73 67 2147483647 13
1 67 1 13
73 29 2147483647 76
1 29 1 76
73 27 2147483647 20
1 27 1 20
73 54 2147483647 18
1 54 1 18
73 9 2147483647 54
1 9 1 54
73 102 12 0
73 2 2147483647 0
74 85 2147483647 84
1 85 1 84
74 68 2147483647 31
1 68 1 31
74 82 2147483647 36
1 82 1 36
74 8 2147483647 79
1 8 1 79
74 24 2147483647 7
1 24 1 7
74 25 2147483647 77
1 25 1 77
74 27 2147483647 38
1 27 1 38
74 95 2147483647 6
1 95 1 6
74 13 2147483647 10
1 13 1 10
74 20 2147483647 1
1 20 1 1
74 75 2147483647 21
1 75 1 21
74 90 2147483647 68
1 90 1 68
74 76 2147483647 91
1 76 1 91
74 61 2147483647 4
1 61 1 4
74 35 2147483647 91
1 35 1 91
74 56 2147483647 92
1 56 1 92
74 100 2147483647 41
1 100 1 41
74 33 2147483647 73
1 33 1 73
74 28 2147483647 9
1 28 1 9
74 19 2147483647 45
1 19 1 45
74 66 2147483647 30
1 66 1 30
74 14 2147483647 28
1 14 1 28
74 53 2147483647 78
1 53 1 78
74 65 2147483647 48
1 65 1 48
74 58 2147483647 65
1 58 1 65
74 52 2147483647 76
1 52 1 76
74 60 2147483647 88
1 60 1 88
74 17 2147483647 30
1 17 1 30
74 48 2147483647 52
1 48 1 52
74 84 2147483647 41
1 84 1 41
74 102 30 0
74 2 2147483647 0
75 45 2147483647 33
1 45 1 33
75 18 2147483647 47
1 18 1 47
75 27 2147483647 79
1 27 1 79
75 56 2147483647 44
1 56 1 44
75 31 2147483647 73
1 31 1 73
75 76 2147483647 76
1 76 1 76
75 53 2147483647 14
1 53 1 14
75 73 2147483647 59
1 73 1 59
75 30 2147483647 74
1 30 1 74
75 61 2147483647 6
1 61 1 6
75 84 2147483647 77
1 84 1 77
75 22 2147483647 94
1 22 1 94
75 52 2147483647 1
1 52 1 1
75 67 2147483647 4
1 67 1 4
75 5 2147483647 69
1 5 1 69
75 72 2147483647 1
1 72 1 1
75 20 2147483647 71
1 20 1 71
75 40 2147483647 31
1 40 1 31
75 29 2147483647 16
1 29 1 16
75 54 2147483647 67
1 54 1 67
75 65 2147483647 71
1 65 1 71
75 15 2147483647 52
1 15 1 52
75 19 2147483647 2
1 19 1 2
75 36 2147483647 88
1 36 1 88
75 62 2147483647 76
1 62 1 76
75 17 2147483647 79
1 17 1 79
75 47 2147483647 87
1 47 1 87
75 102 27 0
75 2 2147483647 0
76 15 2147483647 95
1 15 1 95
76 33 2147483647 35
1 33 1 35
76 9 2147483647 67
1 9 1 67
76 67 2147483647 29
1 67 1 29
76 98 2147483647 38
1 98 1 38
76 19 2147483647 64
1 19 1 64
76 27 2147483647 66
1 27 1 66
76 102 7 0
76 2 2147483647 0
77 47 2147483647 14
1 47 1 14
77 18 2147483647 41
1 18 1 41
77 90 2147483647 46
1 90 1 46
77 56 2147483647 36
1 56 1 36
77 42 2147483647 62
1 42 1 62
77 60 2147483647 22
1 60 1 22
77 76 2147483647 2
1 76 1 2
77 75 2147483647 49
1 75 1 49
77 78 2147483647 65
1 78 1 65
77 99 2147483647 90
1 99 1 90
77 12 2147483647 76
1 12 1 76
77 101 2147483647 34
1 101 1 34
77 43 2147483647 70
1 43 1 70
77 52 2147483647 30
1 52 1 30
77 51 2147483647 60
1 51 1 60
77 82 2147483647 36
1 82 1 36
77 5 2147483647 6
1 5 1 6
77 62 2147483647 48
1 62 1 48
77 8 2147483647 64
1 8 1 64
77 50 2147483647 97
1 50 1 97
77 65 2147483647 5
1 65 1 5
77 61 2147483647 71
1 61 1 71
77 6 2147483647 90
1 6 1 90
77 26 2147483647 36
1 26 1 36
77 11 2147483647 57
1 11 1 57
77 36 2147483647 23
1 36 1 23
77 84 2147483647 59
1 84 1 59
77 20 2147483647 88
1 20 1 88
77 35 2147483647 50
1 35 1 50
77 102 29 0
77 2 2147483647 0
78 102 0 0
78 2 2147483647 0
79 3 2147483647 2
1 3 1 2
79 21 2147483647 17
1 21 1 17
79 23 2147483647 53
1 23 1 53
79 7 2147483647 89
1 7 1 89
79 77 2147483647 54
1 77 1 54
79 78 2147483647 11
1 78 1 11
79 5 2147483647 55
1 5 1 55
79 84 2147483647 90
1 84 1 90
79 55 2147483647 24
1 55 1 24
79 62 2147483647 22
1 62 1 22
79 60 2147483647 44
1 60 1 44
79 53 2147483647 85
1 53 1 85
79 18 2147483647 96
1 18 1 96
79 42 2147483647 95
1 42 1 95
79 100 2147483647 75
1 100 1 75
79 66 2147483647 82
1 66 1 82
79 4 2147483647 92
1 4 1 92
79 40 2147483647 35
1 40 1 35
79 13 2147483647 1
1 13 1 1
79 94 2147483647 59
1 94 1 59
79 24 2147483647 60
1 24 1 60
79 17 2147483647 72
1 17 1 72
79 30 2147483647 59
1 30 1 59
79 49 2147483647 81
1 49 1 81
79 44 2147483647 13
1 44 1 13
79 59 2147483647 7
1 59 1 7
79 26 2147483647 76
1 26 1 76
79 10 2147483647 52
1 10 1 52
79 9 2147483647 86
1 9 1 86
79 19 2147483647 80
1 19 1 80
79 102 30 0
79 2 2147483647 0
80 35 2147483647 71
1 35 1 71
80 20 2147483647 19
1 20 1 19
80 12 2147483647 81
1 12 1 81
80 47 2147483647 86
1 47 1 86
80 84 2147483647 80
1 84 1 80
80 9 2147483647 26
1 9 1 26
80 18 2147483647 81
1 18 1 81
80 50 2147483647 68
1 50 1 68
80 73 2147483647 96
1 73 1 96
80 27 2147483647 87
1 27 1 87
80 45 2147483647 12
1 45 1 12
80 67 2147483647 73
1 67 1 73
80 99 2147483647 73
1 99 1 73
80 37 2147483647 45
1 37 1 45
80 14 2147483647 28
1 14 1 28
80 51 2147483647 58
1 51 1 58
80 102 16 0
80 2 2147483647 0
81 64 2147483647 52
1 64 1 52
81 43 2147483647 95
1 43 1 95
81 86 2147483647 26
1 86 1 26
81 65 2147483647 41
1 65 1 41
81 37 2147483647 66
1 37 1 66
81 38 2147483647 93
1 38 1 93
81 27 2147483647 35
1 27 1 35
81 68 2147483647 81
1 68 1 81
81 92 2147483647 66
1 92 1 66
81 93 2147483647 24
1 93 1 24
81 57 2147483647 59
1 57 1 59
81 62 2147483647 16
1 62 1 16
81 100 2147483647 78
1 100 1 78
81 88 2147483647 29
1 88 1 29
81 13 2147483647 28
1 13 1 28
81 18 2147483647 94
1 18 1 94
81 58 2147483647 88
1 58 1 88
81 55 2147483647 93
1 55 1 93
81 36 2147483647 24
1 36 1 24
81 15 2147483647 11
1 15 1 11
81 24 2147483647 85
1 24 1 85
81 51 2147483647 67
1 51 1 67
81 53 2147483647 86
1 53 1 86
81 97 2147483647 91
1 97 1 91
81 76 2147483647 74
1 76 1 74
81 95 2147483647 12
1 95 1 12
81 72 2147483647 80
1 72 1 80
81 48 2147483647 43
1 48 1 43
81 30 2147483647 12
1 30 1 12
81 12 2147483647 93
1 12 1 93
81 102 30 0
81 2 2147483647 0
82 99 2147483647 32
1 99 1 32
82 14 2147483647 42
1 14 1 42
82 57 2147483647 36
1 57 1 36
82 42 2147483647 94
1 42 1 94
82 20 2147483647 71
1 20 1 71
82 43 2147483647 5
1 43 1 5
82 33 2147483647 32
1 33 1 32
82 27 2147483647 80
1 27 1 80
82 55 2147483647 51
1 55 1 51
82 58 2147483647 50
1 58 1 50
82 16 2147483647 78
1 16 1 78
82 87 2147483647 79
1 87 1 79
82 56 2147483647 72
1 56 1 72
82 69 2147483647 67
1 69 1 67
82 12 2147483647 89
1 12 1 89
82 51 2147483647 57
1 51 1 57
82 44 2147483647 10
1 44 1 10
82 34 2147483647 61
1 34 1 61
82 26 2147483647 2
1 26 1 2
82 24 2147483647 65
1 24 1 65
82 17 2147483647 28
1 17 1 28
82 101 2147483647 13
1 101 1 13
82 47 2147483647 21
1 47 1 21
82 22 2147483647 2
1 22 1 2
82 9 2147483647 10
1 9 1 10
82 19 2147483647 45
1 19 1 45
82 35 2147483647 8
1 35 1 8
82 53 2147483647 8
1 53 1 8
82 18 2147483647 5
1 18 1 5
82 88 2147483647 55
1 88 1 55
82 102 30 0
82 2 2147483647 0
83 94 2147483647 3
1 94 1 3
83 28 2147483647 90
1 28 1 90
83 60 2147483647 80
1 60 1 80
83 50 2147483647 3
1 50 1 3
83 21 2147483647 50
1 21 1 50
83 88 2147483647 82
1 88 1 82
83 31 2147483647 27
1 31 1 27
83 85 2147483647 90
1 85 1 90
83 39 2147483647 61
1 39 1 61
83 43 2147483647 42
1 43 1 42
83 52 2147483647 32
1 52 1 32
83 92 2147483647 42
1 92 1 42
83 38 2147483647 69
1 38 1 69
83 62 2147483647 71
1 62 1 71
83 87 2147483647 64
1 87 1 64
83 76 2147483647 95
1 76 1 95
83 95 2147483647 39
1 95 1 39
83 35 2147483647 78
1 35 1 78
83 61 2147483647 11
1 61 1 11
83 74 2147483647 27
1 74 1 27
83 100 2147483647 2
1 100 1 2
83 20 2147483647 69
1 20 1 69
83 14 2147483647 88
1 14 1 88
83 75 2147483647 50
1 75 1 50
83 49 2147483647 21
1 49 1 21
83 47 2147483647 41
1 47 1 41
83 5 2147483647 52
1 5 1 52
83 15 2147483647 6
1 15 1 6
83 23 2147483647 32
1 23 1 32
83 65 2147483647 76
1 65 1 76
83 102 30 0
83 2 2147483647 0
84 33 2147483647 81
1 33 1 81
84 20 2147483647 79
1 20 1 79
84 101 2147483647 90
1 101 1 90
84 14 2147483647 56
1 14 1 56
84 9 2147483647 99
1 9 1 99
84 67 2147483647 5
1 67 1 5
84 15 2147483647 100
1 15 1 100
84 65 2147483647 93
1 65 1 93
84 62 2147483647 52
1 62 1 52
84 99 2147483647 12
1 99 1 12
84 30 2147483647 30
1 30 1 30
84 31 2147483647 14
1 31 1 14
84 47 2147483647 73
1 47 1 73
84 19 2147483647 51
1 19 1 51
84 98 2147483647 75
1 98 1 75
84 73 2147483647 30
1 73 1 30
84 29 2147483647 56
1 29 1 56
84 37 2147483647 14
1 37 1 14
84 12 2147483647 23
1 12 1 23
84 53 2147483647 94
1 53 1 94
84 35 2147483647 96
1 35 1 96
84 5 2147483647 55
1 5 1 55
84 102 22 0
84 2 2147483647 0
85 11 2147483647 54
1 11 1 54
85 50 2147483647 27
1 50 1 27
85 14 2147483647 36
1 14 1 36
85 55 2147483647 16
1 55 1 16
85 93 2147483647 91
1 93 1 91
85 64 2147483647 24
1 64 1 24
85 28 2147483647 94
1 28 1 94
85 100 2147483647 80
1 100 1 80
85 16 2147483647 96
1 16 1 96
85 5 2147483647 2
1 5 1 2
85 31 2147483647 71
1 31 1 71
85 29 2147483647 21
1 29 1 21
85 45 2147483647 5
1 45 1 5
85 60 2147483647 31
1 60 1 31
85 47 2147483647 57
1 47 1 57
85 12 2147483647 36
1 12 1 36
85 22 2147483647 27
1 22 1 27
85 68 2147483647 67
1 68 1 67
85 52 2147483647 94
1 52 1 94
85 51 2147483647 63
1 51 1 63
85 56 2147483647 48
1 56 1 48
85 41 2147483647 72
1 41 1 72
85 82 2147483647 78
1 82 1 78
85 78 2147483647 75
1 78 1 75
85 73 2147483647 49
1 73 1 49
85 61 2147483647 6
1 61 1 6
85 54 2147483647 73
1 54 1 73
85 9 2147483647 9
1 9 1 9
85 35 2147483647 69
1 35 1 69
85 96 2147483647 18
1 96 1 18
85 102 30 0
85 2 2147483647 0
86 44 2147483647 18
1 44 1 18
86 37 2147483647 62
1 37 1 62
86 26 2147483647 25
1 26 1 25
86 5 2147483647 32
1 5 1 32
86 99 2147483647 43
1 99 1 43
86 100 2147483647 86
1 100 1 86
86 46 2147483647 6
1 46 1 6
86 98 2147483647 49
1 98 1 49
86 12 2147483647 5
1 12 1 5
86 58 2147483647 57
1 58 1 57
86 38 2147483647 95
1 38 1 95
86 65 2147483647 79
1 65 1 79
86 57 2147483647 10
1 57 1 10
86 11 2147483647 99
1 11 1 99
86 67 2147483647 23
1 67 1 23
86 9 2147483647 74
1 9 1 74
86 84 2147483647 47
1 84 1 47
86 14 2147483647 27
1 14 1 27
86 15 2147483647 68
1 15 1 68
86 22 2147483647 66
1 22 1 66
86 20 2147483647 64
1 20 1 64
86 41 2147483647 79
1 41 1 79
86 51 2147483647 24
1 51 1 24
86 87 2147483647 63
1 87 1 63
86 27 2147483647 98
1 27 1 98
86 75 2147483647 30
1 75 1 30
86 36 2147483647 10
1 36 1 10
86 72 2147483647 32
1 72 1 32
86 62 2147483647 85
1 62 1 85
86 47 2147483647 94
1 47 1 94
86 102 30 0
86 2 2147483647 0
87 56 2147483647 87
1 56 1 87
87 51 2147483647 54
1 51 1 54
87 54 2147483647 56
1 54 1 56
87 33 2147483647 2
1 33 1 2
87 36 2147483647 15
1 36 1 15
87 9 2147483647 18
1 9 1 18
87 22 2147483647 66
1 22 1 66
87 99 2147483647 84
1 99 1 84
87 31 2147483647 41
1 31 1 41
87 73 2147483647 19
1 73 1 19
87 57 2147483647 33
1 57 1 33
87 44 2147483647 72
1 44 1 72
87 26 2147483647 90
1 26 1 90
87 61 2147483647 22
1 61 1 22
87 62 2147483647 36
1 62 1 36
87 12 2147483647 1
1 12 1 1
87 40 2147483647 77
1 40 1 77
87 8 2147483647 41
1 8 1 41
87 45 2147483647 41
1 45 1 41
87 41 2147483647 53
1 41 1 53
87 76 2147483647 12
1 76 1 12
87 20 2147483647 14
1 20 1 14
87 15 2147483647 31
1 15 1 31
87 102 23 0
87 2 2147483647 0
88 55 2147483647 86
1 55 1 86
88 65 2147483647 45
1 65 1 45
88 8 2147483647 98
1 8 1 98
88 37 2147483647 67
1 37 1 67
88 62 2147483647 7
1 62 1 7
88 99 2147483647 10
1 99 1 10
88 18 2147483647 41
1 18 1 41
88 14 2147483647 91
1 14 1 91
88 73 2147483647 14
1 73 1 14
88 76 2147483647 22
1 76 1 22
88 67 2147483647 36
1 67 1 36
88 20 2147483647 59
1 20 1 59
88 44 2147483647 69
1 44 1 69
88 52 2147483647 41
1 52 1 41
88 41 2147483647 6
1 41 1 6
88 9 2147483647 82
1 9 1 82
88 45 2147483647 27
1 45 1 27
88 101 2147483647 79
1 101 1 79
88 27 2147483647 65
1 27 1 65
88 72 2147483647 21
1 72 1 21
88 91 2147483647 44
1 91 1 44
88 61 2147483647 72
1 61 1 72
88 36 2147483647 79
1 36 1 79
88 54 2147483647 12
1 54 1 12
88 35 2147483647 43
1 35 1 43
88 84 2147483647 71
1 84 1 71
88 30 2147483647 52
1 30 1 52
88 40 2147483647 41
1 40 1 41
88 17 2147483647 91
1 17 1 91
88 89 2147483647 48
1 89 1 48
88 102 30 0
88 2 2147483647 0
89 30 2147483647 95
1 30 1 95
89 73 2147483647 48
1 73 1 48
89 101 2147483647 22
1 101 1 22
89 27 2147483647 33
1 27 1 33
89 18 2147483647 51
1 18 1 51
89 22 2147483647 62
1 22 1 62
89 50 2147483647 98
1 50 1 98
89 67 2147483647 46
1 67 1 46
89 12 2147483647 5
1 12 1 5
89 15 2147483647 36
1 15 1 36
89 53 2147483647 90
1 53 1 90
89 20 2147483647 48
1 20 1 48
89 37 2147483647 63
1 37 1 63
89 56 2147483647 75
1 56 1 75
89 54 2147483647 60
1 54 1 60
89 8 2147483647 58
1 8 1 58
89 14 2147483647 53
1 14 1 53
89 57 2147483647 70
1 57 1 70
89 84 2147483647 64
1 84 1 64
89 102 19 0
89 2 2147483647 0
90 97 2147483647 78
1 97 1 78
90 75 2147483647 43
1 75 1 43
90 80 2147483647 73
1 80 1 73
90 6 2147483647 9
1 6 1 9
90 36 2147483647 5
1 36 1 5
90 101 2147483647 73
1 101 1 73
90 47 2147483647 34
1 47 1 34
90 51 2147483647 92
1 51 1 92
90 15 2147483647 11
1 15 1 11
90 98 2147483647 31
1 98 1 31
90 50 2147483647 13
1 50 1 13
90 17 2147483647 42
1 17 1 42
90 88 2147483647 39
1 88 1 39
90 89 2147483647 50
1 89 1 50
90 99 2147483647 72
1 99 1 72
90 60 2147483647 55
1 60 1 55
90 18 2147483647 55
1 18 1 55
90 46 2147483647 44
1 46 1 44
90 73 2147483647 67
1 73 1 67
90 11 2147483647 12
1 11 1 12
90 54 2147483647 17
1 54 1 17
90 29 2147483647 5
1 29 1 5
90 14 2147483647 84
1 14 1 84
90 86 2147483647 81
1 86 1 81
90 43 2147483647 12
1 43 1 12
90 8 2147483647 80
1 8 1 80
90 67 2147483647 12
1 67 1 12
90 26 2147483647 20
1 26 1 20
90 44 2147483647 17
1 44 1 17
90 102 29 0
90 2 2147483647 0
91 76 2147483647 77
1 76 1 77
91 35 2147483647 62
1 35 1 62
91 61 2147483647 48
1 61 1 48
91 46 2147483647 60
1 46 1 60
91 72 2147483647 52
1 72 1 52
91 45 2147483647 70
1 45 1 70
91 42 2147483647 56
1 42 1 56
91 99 2147483647 80
1 99 1 80
91 17 2147483647 85
1 17 1 85
91 9 2147483647 62
1 9 1 62
91 84 2147483647 39
1 84 1 39
91 40 2147483647 98
1 40 1 98
91 31 2147483647 80
1 31 1 80
91 8 2147483647 15
1 8 1 15
91 67 2147483647 80
1 67 1 80
91 30 2147483647 71
1 30 1 71
91 75 2147483647 28
1 75 1 28
91 33 2147483647 59
1 33 1 59
91 20 2147483647 30
1 20 1 30
91 12 2147483647 4
1 12 1 4
91 53 2147483647 80
1 53 1 80
91 26 2147483647 16
1 26 1 16
91 44 2147483647 38
1 44 1 38
91 50 2147483647 76
1 50 1 76
91 57 2147483647 54
1 57 1 54
91 14 2147483647 1
1 14 1 1
91 101 2147483647 37
1 101 1 37
91 27 2147483647 67
1 27 1 67
91 73 2147483647 2
1 73 1 2
91 102 29 0
91 2 2147483647 0
92 72 2147483647 29
1 72 1 29
92 50 2147483647 56
1 50 1 56
92 56 2147483647 13
1 56 1 13
92 33 2147483647 31
1 33 1 31
92 42 2147483647 53
1 42 1 53
92 86 2147483647 90
1 86 1 90
92 5 2147483647 32
1 5 1 32
92 39 2147483647 46
1 39 1 46
92 11 2147483647 99
1 11 1 99
92 60 2147483647 93
1 60 1 93
92 47 2147483647 67
1 47 1 67
92 61 2147483647 34
1 61 1 34
92 14 2147483647 39
1 14 1 39
92 35 2147483647 95
1 35 1 95
92 65 2147483647 41
1 65 1 41
92 31 2147483647 63
1 31 1 63
92 71 2147483647 93
1 71 1 93
92 76 2147483647 24
1 76 1 24
92 96 2147483647 100
1 96 1 100
92 36 2147483647 49
1 36 1 49
92 55 2147483647 98
1 55 1 98
92 66 2147483647 27
1 66 1 27
92 43 2147483647 58
1 43 1 58
92 85 2147483647 80
1 85 1 80
92 40 2147483647 20
1 40 1 20
92 13 2147483647 87
1 13 1 87
92 48 2147483647 81
1 48 1 81
92 16 2147483647 69
1 16 1 69
92 87 2147483647 17
1 87 1 17
92 18 2147483647 23
1 18 1 23
92 102 30 0
92 2 2147483647 0
93 45 2147483647 43
1 45 1 43
93 46 2147483647 80
1 46 1 80
93 50 2147483647 67
1 50 1 67
93 42 2147483647 16
1 42 1 16
93 57 2147483647 26
1 57 1 26
93 55 2147483647 91
1 55 1 91
93 68 2147483647 52
1 68 1 52
93 20 2147483647 94
1 20 1 94
93 53 2147483647 59
1 53 1 59
93 38 2147483647 25
1 38 1 25
93 12 2147483647 6
1 12 1 6
93 88 2147483647 62
1 88 1 62
93 29 2147483647 8
1 29 1 8
93 56 2147483647 47
1 56 1 47
93 17 2147483647 24
1 17 1 24
93 37 2147483647 13
1 37 1 13
93 25 2147483647 29
1 25 1 29
93 101 2147483647 19
1 101 1 19
93 60 2147483647 30
1 60 1 30
93 54 2147483647 82
1 54 1 82
93 9 2147483647 100
1 9 1 100
93 89 2147483647 16
1 89 1 16
93 97 2147483647 19
1 97 1 19
93 61 2147483647 46
1 61 1 46
93 5 2147483647 92
1 5 1 92
93 98 2147483647 38
1 98 1 38
93 19 2147483647 7
1 19 1 7
93 36 2147483647 23
1 36 1 23
93 78 2147483647 77
1 78 1 77
93 11 2147483647 18
1 11 1 18
93 102 30 0
93 2 2147483647 0
94 49 2147483647 13
1 49 1 13
94 74 2147483647 70
1 74 1 70
94 96 2147483647 1
1 96 1 1
94 93 2147483647 63
1 93 1 63
94 60 2147483647 61
1 60 1 61
94 23 2147483647 46
1 23 1 46
94 97 2147483647 20
1 97 1 20
94 5 2147483647 22
1 5 1 22
94 77 2147483647 74
1 77 1 74
94 80 2147483647 97
1 80 1 97
94 91 2147483647 15
1 91 1 15
94 62 2147483647 46
1 62 1 46
94 32 2147483647 17
1 32 1 17
94 57 2147483647 20
1 57 1 20
94 64 2147483647 55
1 64 1 55
94 13 2147483647 58
1 13 1 58
94 61 2147483647 62
1 61 1 62
94 70 2147483647 86
1 70 1 86
94 50 2147483647 6
1 50 1 6
94 81 2147483647 51
1 81 1 51
94 35 2147483647 13
1 35 1 13
94 42 2147483647 3
1 42 1 3
94 36 2147483647 10
1 36 1 10
94 95 2147483647 17
1 95 1 17
94 39 2147483647 5
1 39 1 5
94 99 2147483647 1
1 99 1 1
94 55 2147483647 39
1 55 1 39
94 92 2147483647 8
1 92 1 8
94 38 2147483647 77
1 38 1 77
94 28 2147483647 10
1 28 1 10
94 102 30 0
94 2 2147483647 0
95 40 2147483647 41
1 40 1 41
95 57 2147483647 29
1 57 1 29
95 46 2147483647 63
1 46 1 63
95 64 2147483647 74
1 64 1 74
95 24 2147483647 53
1 24 1 53
95 76 2147483647 41
1 76 1 41
95 33 2147483647 56
1 33 1 56
95 29 2147483647 14
1 29 1 14
95 26 2147483647 23
1 26 1 23
95 41 2147483647 1
1 41 1 1
95 96 2147483647 99
1 96 1 99
95 93 2147483647 31
1 93 1 31
95 78 2147483647 58
1 78 1 58
95 37 2147483647 88
1 37 1 88
95 91 2147483647 79
1 91 1 79
95 42 2147483647 38
1 42 1 38
95 19 2147483647 18
1 19 1 18
95 90 2147483647 12
1 90 1 12
95 50 2147483647 68
1 50 1 68
95 5 2147483647 12
1 5 1 12
95 56 2147483647 44
1 56 1 44
95 51 2147483647 14
1 51 1 14
95 22 2147483647 28
1 22 1 28
95 15 2147483647 94
1 15 1 94
95 66 2147483647 86
1 66 1 86
95 70 2147483647 19
1 70 1 19
95 71 2147483647 32
1 71 1 32
95 30 2147483647 74
1 30 1 74
95 31 2147483647 46
1 31 1 46
95 20 2147483647 70
1 20 1 70
95 102 30 0
95 2 2147483647 0
96 71 2147483647 49
1 71 1 49
96 29 2147483647 81
1 29 1 81
96 33 2147483647 50
1 33 1 50
96 55 2147483647 35
1 55 1 35
96 15 2147483647 59
1 15 1 59
96 37 2147483647 8
1 37 1 8
96 47 2147483647 11
1 47 1 11
96 97 2147483647 47
1 97 1 47
96 17 2147483647 89
1 17 1 89
96 24 2147483647 32
1 24 1 32
96 42 2147483647 100
1 42 1 100
96 46 2147483647 11
1 46 1 11
96 36 2147483647 36
1 36 1 36
96 82 2147483647 29
1 82 1 29
96 35 2147483647 65
1 35 1 65
96 11 2147483647 47
1 11 1 47
96 75 2147483647 16
1 75 1 16
96 38 2147483647 81
1 38 1 81
96 14 2147483647 27
1 14 1 27
96 65 2147483647 12
1 65 1 12
96 72 2147483647 81
1 72 1 81
96 31 2147483647 26
1 31 1 26
96 51 2147483647 70
1 51 1 70
96 45 2147483647 50
1 45 1 50
96 54 2147483647 39
1 54 1 39
96 57 2147483647 31
1 57 1 31
96 66 2147483647 58
1 66 1 58
96 86 2147483647 92
1 86 1 92
96 58 2147483647 65
1 58 1 65
96 93 2147483647 28
1 93 1 28
96 102 30 0
96 2 2147483647 0
97 53 2147483647 58
1 53 1 58
97 56 2147483647 81
1 56 1 81
97 55 2147483647 18
1 55 1 18
97 54 2147483647 76
1 54 1 76
97 8 2147483647 75
1 8 1 75
97 62 2147483647 98
1 62 1 98
97 80 2147483647 21
1 80 1 21
97 52 2147483647 83
1 52 1 83
97 44 2147483647 35
1 44 1 35
97 36 2147483647 35
1 36 1 35
97 5 2147483647 50
1 5 1 50
97 67 2147483647 18
1 67 1 18
97 35 2147483647 6
1 35 1 6
97 89 2147483647 29
1 89 1 29
97 87 2147483647 96
1 87 1 96
97 12 2147483647 13
1 12 1 13
97 26 2147483647 85
1 26 1 85
97 45 2147483647 95
1 45 1 95
97 75 2147483647 94
1 75 1 94
97 30 2147483647 28
1 30 1 28
97 61 2147483647 44
1 61 1 44
97 20 2147483647 21
1 20 1 21
97 11 2147483647 30
1 11 1 30
97 73 2147483647 60
1 73 1 60
97 51 2147483647 70
1 51 1 70
97 76 2147483647 4
1 76 1 4
97 65 2147483647 73
1 65 1 73
97 84 2147483647 69
1 84 1 69
97 46 2147483647 4
1 46 1 4
97 33 2147483647 51
1 33 1 51
97 102 30 0
97 2 2147483647 0
98 62 2147483647 18
1 62 1 18
98 27 2147483647 84
1 27 1 84
98 19 2147483647 35
1 19 1 35
98 52 2147483647 16
1 52 1 16
98 9 2147483647 84
1 9 1 84
98 102 5 0
98 2 2147483647 0
99 67 2147483647 57
1 67 1 57
99 19 2147483647 68
1 19 1 68
99 20 2147483647 6
1 20 1 6
99 65 2147483647 42
1 65 1 42
99 53 2147483647 70
1 53 1 70
99 15 2147483647 64
1 15 1 64
99 9 2147483647 5
1 9 1 5
99 52 2147483647 72
1 52 1 72
99 98 2147483647 50
1 98 1 50
99 17 2147483647 58
1 17 1 58
99 54 2147483647 71
1 54 1 71
99 102 11 0
99 2 2147483647 0
100 30 2147483647 53
1 30 1 53
100 98 2147483647 92
1 98 1 92
100 19 2147483647 17
1 19 1 17
100 45 2147483647 9
1 45 1 9
100 40 2147483647 6
1 40 1 6
100 27 2147483647 32
1 27 1 32
100 47 2147483647 17
1 47 1 17
100 87 2147483647 29
1 87 1 29
100 46 2147483647 98
1 46 1 98
100 62 2147483647 24
1 62 1 24
100 89 2147483647 41
1 89 1 41
100 57 2147483647 29
1 57 1 29
100 76 2147483647 93
1 76 1 93
100 84 2147483647 44
1 84 1 44
100 33 2147483647 3
1 33 1 3
100 67 2147483647 18
1 67 1 18
100 8 2147483647 8
1 8 1 8
100 80 2147483647 34
1 80 1 34
100 88 2147483647 80
1 88 1 80
100 97 2147483647 46
1 97 1 46
100 14 2147483647 52
1 14 1 52
100 37 2147483647 50
1 37 1 50
100 56 2147483647 28
1 56 1 28
100 54 2147483647 68
1 54 1 68
100 12 2147483647 10
1 12 1 10
100 102 25 0
100 2 2147483647 0
101 18 2147483647 1
1 18 1 1
101 53 2147483647 42
1 53 1 42
101 52 2147483647 63
1 52 1 63
101 29 2147483647 27
1 29 1 27
101 62 2147483647 62
1 62 1 62
101 47 2147483647 18
1 47 1 18
101 9 2147483647 25
1 9 1 25
101 17 2147483647 66
1 17 1 66
101 30 2147483647 80
1 30 1 80
101 102 9 0
101 2 2147483647 0
