102 4199
2 39 2147483647 45
1 39 1 45
2 51 2147483647 11
1 51 1 11
2 86 2147483647 63
1 86 1 63
2 23 2147483647 46
1 23 1 46
2 48 2147483647 63
1 48 1 63
2 87 2147483647 8
1 87 1 8
2 73 2147483647 63
1 73 1 63
2 5 2147483647 52
1 5 1 52
2 80 2147483647 21
1 80 1 21
2 31 2147483647 44
1 31 1 44
2 101 2147483647 3
1 101 1 3
2 91 2147483647 68
1 91 1 68
2 34 2147483647 88
1 34 1 88
2 67 2147483647 12
1 67 1 12
2 29 2147483647 84
1 29 1 84
2 40 2147483647 99
1 40 1 99
2 38 2147483647 36
1 38 1 36
2 9 2147483647 57
1 9 1 57
2 24 2147483647 47
1 24 1 47
2 11 2147483647 83
1 11 1 83
2 18 2147483647 88
1 18 1 88
2 97 2147483647 86
1 97 1 86
2 92 2147483647 56
1 92 1 56
2 42 2147483647 66
1 42 1 66
2 69 2147483647 15
1 69 1 15
2 71 2147483647 54
1 71 1 54
2 50 2147483647 70
1 50 1 70
2 43 2147483647 75
1 43 1 75
2 28 2147483647 71
1 28 1 71
2 74 2147483647 72
1 74 1 72
2 102 30 0
3 8 2147483647 66
1 8 1 66
3 16 2147483647 56
1 16 1 56
3 72 2147483647 25
1 72 1 25
3 30 2147483647 96
1 30 1 96
3 93 2147483647 75
1 93 1 75
3 56 2147483647 87
1 56 1 87
3 96 2147483647 12
1 96 1 12
3 80 2147483647 52
1 80 1 52
3 33 2147483647 71
1 33 1 71
3 4 2147483647 33
1 4 1 33
3 25 2147483647 88
1 25 1 88
3 83 2147483647 26
1 83 1 26
3 11 2147483647 95
1 11 1 95
3 75 2147483647 68
1 75 1 68
3 66 2147483647 58
1 66 1 58
3 95 2147483647 50
1 95 1 50
3 58 2147483647 62
1 58 1 62
3 54 2147483647 80
1 54 1 80
3 52 2147483647 46
1 52 1 46
3 38 2147483647 33
1 38 1 33
3 22 2147483647 90
1 22 1 90
3 6 2147483647 5
1 6 1 5
3 37 2147483647 34
1 37 1 34
3 47 2147483647 99
1 47 1 99
3 20 2147483647 60
1 20 1 60
3 36 2147483647 57
1 36 1 57
3 27 2147483647 37
1 27 1 37
3 78 2147483647 93
1 78 1 93
3 40 2147483647 17
1 40 1 17
3 10 2147483647 78
1 10 1 78
3 102 30 0
3 2 2147483647 0
4 44 2147483647 17
1 44 1 17
4 18 2147483647 80
1 18 1 80
4 85 2147483647 11
1 85 1 11
4 78 2147483647 22
1 78 1 22
4 91 2147483647 57
1 91 1 57
4 102 5 0
4 2 2147483647 0
5 58 2147483647 4
1 58 1 4
5 22 2147483647 50
1 22 1 50
5 89 2147483647 49
1 89 1 49
5 84 2147483647 49
1 84 1 49
5 54 2147483647 84
1 54 1 84
5 8 2147483647 27
1 8 1 27
5 76 2147483647 61
1 76 1 61
5 37 2147483647 91
1 37 1 91
5 46 2147483647 62
1 46 1 62
5 30 2147483647 4
1 30 1 4
5 82 2147483647 59
1 82 1 59
5 18 2147483647 41
1 18 1 41
5 74 2147483647 24
1 74 1 24
5 16 2147483647 98
1 16 1 98
5 99 2147483647 88
1 99 1 88
5 45 2147483647 9
1 45 1 9
5 70 2147483647 97
1 70 1 97
5 27 2147483647 83
1 27 1 83
5 29 2147483647 32
1 29 1 32
5 98 2147483647 53
1 98 1 53
5 50 2147483647 56
1 50 1 56
5 41 2147483647 14
1 41 1 14
5 102 22 0
5 2 2147483647 0
6 37 2147483647 72
1 37 1 72
6 16 2147483647 10
1 16 1 10
6 38 2147483647 72
1 38 1 72
6 13 2147483647 57
1 13 1 57
6 56 2147483647 84
1 56 1 84
6 50 2147483647 99
1 50 1 99
6 71 2147483647 19
1 71 1 19
6 98 2147483647 55
1 98 1 55
6 35 2147483647 1
1 35 1 1
6 4 2147483647 7
1 4 1 7
6 90 2147483647 8
1 90 1 8
6 85 2147483647 62
1 85 1 62
6 82 2147483647 1
1 82 1 1
6 18 2147483647 85
1 18 1 85
6 91 2147483647 54
1 91 1 54
6 74 2147483647 67
1 74 1 67
6 22 2147483647 41
1 22 1 41
6 102 17 0
6 2 2147483647 0
7 36 2147483647 5
1 36 1 5
7 41 2147483647 23
1 41 1 23
7 72 2147483647 5
1 72 1 5
7 27 2147483647 94
1 27 1 94
7 52 2147483647 94
1 52 1 94
7 76 2147483647 47
1 76 1 47
7 10 2147483647 3
1 10 1 3
7 26 2147483647 26
1 26 1 26
7 82 2147483647 54
1 82 1 54
7 42 2147483647 62
1 42 1 62
7 13 2147483647 24
1 13 1 24
7 57 2147483647 69
1 57 1 69
7 98 2147483647 45
1 98 1 45
7 89 2147483647 62
1 89 1 62
7 60 2147483647 38
1 60 1 38
7 69 2147483647 4
1 69 1 4
7 19 2147483647 20
1 19 1 20
7 74 2147483647 25
1 74 1 25
7 75 2147483647 77
1 75 1 77
7 3 2147483647 80
1 3 1 80
7 99 2147483647 63
1 99 1 63
7 80 2147483647 9
1 80 1 9
7 100 2147483647 65
1 100 1 65
7 11 2147483647 74
1 11 1 74
7 44 2147483647 49
1 44 1 49
7 70 2147483647 11
1 70 1 11
7 24 2147483647 12
1 24 1 12
7 8 2147483647 2
1 8 1 2
7 4 2147483647 36
1 4 1 36
7 33 2147483647 83
1 33 1 83
7 102 30 0
7 2 2147483647 0
8 98 2147483647 97
1 98 1 97
8 6 2147483647 4
1 6 1 4
8 66 2147483647 40
1 66 1 40
8 29 2147483647 23
1 29 1 23
8 16 2147483647 87
1 16 1 87
8 45 2147483647 76
1 45 1 76
8 100 2147483647 19
1 100 1 19
8 89 2147483647 92
1 89 1 92
8 47 2147483647 87
1 47 1 87
8 78 2147483647 57
1 78 1 57
8 82 2147483647 22
1 82 1 22
8 27 2147483647 6
1 27 1 6
8 18 2147483647 90
1 18 1 90
8 35 2147483647 38
1 35 1 38
8 46 2147483647 100
1 46 1 100
8 42 2147483647 6
1 42 1 6
8 99 2147483647 58
1 99 1 58
8 71 2147483647 17
1 71 1 17
8 83 2147483647 41
1 83 1 41
8 4 2147483647 13
1 4 1 13
8 44 2147483647 33
1 44 1 33
8 37 2147483647 52
1 37 1 52
8 11 2147483647 71
1 11 1 71
8 38 2147483647 4
1 38 1 4
8 91 2147483647 29
1 91 1 29
8 33 2147483647 76
1 33 1 76
8 102 26 0
8 2 2147483647 0
9 77 2147483647 41
1 77 1 41
9 23 2147483647 89
1 23 1 89
9 52 2147483647 21
1 52 1 21
9 67 2147483647 43
1 67 1 43
9 59 2147483647 30
1 59 1 30
9 15 2147483647 72
1 15 1 72
9 34 2147483647 97
1 34 1 97
9 4 2147483647 50
1 4 1 50
9 14 2147483647 40
1 14 1 40
9 78 2147483647 19
1 78 1 19
9 32 2147483647 42
1 32 1 42
9 45 2147483647 62
1 45 1 62
9 42 2147483647 35
1 42 1 35
9 79 2147483647 15
1 79 1 15
9 84 2147483647 98
1 84 1 98
9 97 2147483647 91
1 97 1 91
9 76 2147483647 72
1 76 1 72
9 8 2147483647 2
1 8 1 2
9 88 2147483647 35
1 88 1 35
9 41 2147483647 88
1 41 1 88
9 3 2147483647 57
1 3 1 57
9 60 2147483647 6
1 60 1 6
9 17 2147483647 24
1 17 1 24
9 73 2147483647 95
1 73 1 95
9 56 2147483647 7
1 56 1 7
9 69 2147483647 34
1 69 1 34
9 21 2147483647 26
1 21 1 26
9 83 2147483647 5
1 83 1 5
9 101 2147483647 89
1 101 1 89
9 85 2147483647 62
1 85 1 62
9 102 30 0
9 2 2147483647 0
10 102 0 0
10 2 2147483647 0
11 19 2147483647 54
1 19 1 54
11 13 2147483647 94
1 13 1 94
11 78 2147483647 25
1 78 1 25
11 85 2147483647 68
1 85 1 68
11 4 2147483647 74
1 4 1 74
11 50 2147483647 65
1 50 1 65
11 102 6 0
11 2 2147483647 0
12 64 2147483647 22
1 64 1 22
12 57 2147483647 40
1 57 1 40
12 20 2147483647 66
1 20 1 66
12 83 2147483647 86
1 83 1 86
12 8 2147483647 91
1 8 1 91
12 71 2147483647 86
1 71 1 86
12 30 2147483647 69
1 30 1 69
12 77 2147483647 17
1 77 1 17
12 32 2147483647 9
1 32 1 9
12 56 2147483647 53
1 56 1 53
12 93 2147483647 13
1 93 1 13
12 29 2147483647 32
1 29 1 32
12 60 2147483647 63
1 60 1 63
12 21 2147483647 71
1 21 1 71
12 54 2147483647 58
1 54 1 58
12 27 2147483647 90
1 27 1 90
12 95 2147483647 70
1 95 1 70
12 75 2147483647 22
1 75 1 22
12 49 2147483647 24
1 49 1 24
12 9 2147483647 15
1 9 1 15
12 66 2147483647 61
1 66 1 61
12 16 2147483647 74
1 16 1 74
12 24 2147483647 4
1 24 1 4
12 41 2147483647 84
1 41 1 84
12 91 2147483647 22
1 91 1 22
12 96 2147483647 74
1 96 1 74
12 99 2147483647 7
1 99 1 7
12 44 2147483647 89
1 44 1 89
12 3 2147483647 91
1 3 1 91
12 72 2147483647 19
1 72 1 19
12 102 30 0
12 2 2147483647 0
13 85 2147483647 62
1 85 1 62
13 30 2147483647 26
1 30 1 26
13 44 2147483647 89
1 44 1 89
13 18 2147483647 1
1 18 1 1
13 102 4 0
13 2 2147483647 0
14 101 2147483647 95
1 101 1 95
14 69 2147483647 29
1 69 1 29
14 67 2147483647 43
1 67 1 43
14 79 2147483647 33
1 79 1 33
14 33 2147483647 25
1 33 1 25
14 60 2147483647 98
1 60 1 98
14 6 2147483647 6
1 6 1 6
14 73 2147483647 34
1 73 1 34
14 42 2147483647 91
1 42 1 91
14 16 2147483647 58
1 16 1 58
14 57 2147483647 89
1 57 1 89
14 78 2147483647 48
1 78 1 48
14 34 2147483647 22
1 34 1 22
14 56 2147483647 64
1 56 1 64
14 3 2147483647 11
1 3 1 11
14 98 2147483647 41
1 98 1 41
14 11 2147483647 9
1 11 1 9
14 15 2147483647 60
1 15 1 60
14 19 2147483647 82
1 19 1 82
14 4 2147483647 80
1 4 1 80
14 18 2147483647 62
1 18 1 62
14 58 2147483647 98
1 58 1 98
14 66 2147483647 84
1 66 1 84
14 65 2147483647 62
1 65 1 62
14 26 2147483647 45
1 26 1 45
14 52 2147483647 37
1 52 1 37
14 36 2147483647 89
1 36 1 89
14 61 2147483647 55
1 61 1 55
14 96 2147483647 90
1 96 1 90
14 35 2147483647 43
1 35 1 43
14 102 30 0
14 2 2147483647 0
15 65 2147483647 72
1 65 1 72
15 95 2147483647 83
1 95 1 83
15 20 2147483647 39
1 20 1 39
15 82 2147483647 85
1 82 1 85
15 85 2147483647 91
1 85 1 91
15 59 2147483647 94
1 59 1 94
15 96 2147483647 99
1 96 1 99
15 80 2147483647 42
1 80 1 42
15 8 2147483647 89
1 8 1 89
15 34 2147483647 22
1 34 1 22
15 4 2147483647 97
1 4 1 97
15 42 2147483647 18
1 42 1 18
15 21 2147483647 69
1 21 1 69
15 69 2147483647 27
1 69 1 27
15 45 2147483647 66
1 45 1 66
15 26 2147483647 83
1 26 1 83
15 97 2147483647 43
1 97 1 43
15 37 2147483647 6
1 37 1 6
15 93 2147483647 57
1 93 1 57
15 11 2147483647 26
1 11 1 26
15 35 2147483647 69
1 35 1 69
15 10 2147483647 38
1 10 1 38
15 54 2147483647 66
1 54 1 66
15 41 2147483647 91
1 41 1 91
15 71 2147483647 91
1 71 1 91
15 74 2147483647 40
1 74 1 40
15 52 2147483647 4
1 52 1 4
15 100 2147483647 99
1 100 1 99
15 70 2147483647 45
1 70 1 45
15 24 2147483647 59
1 24 1 59
15 102 30 0
15 2 2147483647 0
16 78 2147483647 43
1 78 1 43
16 18 2147483647 28
1 18 1 28
16 34 2147483647 53
1 34 1 53
16 50 2147483647 48
1 50 1 48
16 37 2147483647 91
1 37 1 91
16 102 5 0
16 2 2147483647 0
17 40 2147483647 37
1 40 1 37
17 24 2147483647 75
1 24 1 75
17 54 2147483647 1
1 54 1 1
17 47 2147483647 86
1 47 1 86
17 66 2147483647 9
1 66 1 9
17 72 2147483647 79
1 72 1 79
17 75 2147483647 43
1 75 1 43
17 45 2147483647 96
1 45 1 96
17 18 2147483647 49
1 18 1 49
17 98 2147483647 14
1 98 1 14
17 71 2147483647 20
1 71 1 20
17 52 2147483647 69
1 52 1 69
17 5 2147483647 6
1 5 1 6
17 6 2147483647 21
1 6 1 21
17 37 2147483647 44
1 37 1 44
17 22 2147483647 32
1 22 1 32
17 70 2147483647 54
1 70 1 54
17 27 2147483647 28
1 27 1 28
17 15 2147483647 63
1 15 1 63
17 25 2147483647 26
1 25 1 26
17 7 2147483647 14
1 7 1 14
17 4 2147483647 97
1 4 1 97
17 100 2147483647 13
1 100 1 13
17 3 2147483647 18
1 3 1 18
17 99 2147483647 20
1 99 1 20
17 38 2147483647 36
1 38 1 36
17 11 2147483647 89
1 11 1 89
17 44 2147483647 17
1 44 1 17
17 74 2147483647 42
1 74 1 42
17 55 2147483647 7
1 55 1 7
17 102 30 0
17 2 2147483647 0
18 37 2147483647 31
1 37 1 31
18 34 2147483647 29
1 34 1 29
18 19 2147483647 57
1 19 1 57
18 102 3 0
18 2 2147483647 0
19 102 0 0
19 2 2147483647 0
20 44 2147483647 48
1 44 1 48
20 37 2147483647 16
1 37 1 16
20 100 2147483647 15
1 100 1 15
20 33 2147483647 15
1 33 1 15
20 47 2147483647 33
1 47 1 33
20 50 2147483647 23
1 50 1 23
20 8 2147483647 6
1 8 1 6
20 83 2147483647 70
1 83 1 70
20 38 2147483647 81
1 38 1 81
20 58 2147483647 83
1 58 1 83
20 41 2147483647 20
1 41 1 20
20 30 2147483647 5
1 30 1 5
20 71 2147483647 69
1 71 1 69
20 16 2147483647 39
1 16 1 39
20 90 2147483647 73
1 90 1 73
20 18 2147483647 83
1 18 1 83
20 66 2147483647 62
1 66 1 62
20 99 2147483647 62
1 99 1 62
20 76 2147483647 10
1 76 1 10
20 84 2147483647 1
1 84 1 1
20 54 2147483647 47
1 54 1 47
20 96 2147483647 23
1 96 1 23
20 5 2147483647 3
1 5 1 3
20 45 2147483647 70
1 45 1 70
20 78 2147483647 87
1 78 1 87
20 85 2147483647 64
1 85 1 64
20 102 26 0
20 2 2147483647 0
21 29 2147483647 88
1 29 1 88
21 38 2147483647 34
1 38 1 34
21 55 2147483647 37
1 55 1 37
21 57 2147483647 90
1 57 1 90
21 76 2147483647 1
1 76 1 1
21 6 2147483647 35
1 6 1 35
21 44 2147483647 27
1 44 1 27
21 70 2147483647 56
1 70 1 56
21 54 2147483647 96
1 54 1 96
21 101 2147483647 55
1 101 1 55
21 5 2147483647 44
1 5 1 44
21 78 2147483647 83
1 78 1 83
21 84 2147483647 95
1 84 1 95
21 83 2147483647 71
1 83 1 71
21 85 2147483647 15
1 85 1 15
21 41 2147483647 40
1 41 1 40
21 7 2147483647 48
1 7 1 48
21 46 2147483647 45
1 46 1 45
21 8 2147483647 65
1 8 1 65
21 16 2147483647 63
1 16 1 63
21 3 2147483647 57
1 3 1 57
21 93 2147483647 21
1 93 1 21
21 80 2147483647 38
1 80 1 38
21 58 2147483647 96
1 58 1 96
21 36 2147483647 82
1 36 1 82
21 24 2147483647 34
1 24 1 34
21 59 2147483647 99
1 59 1 99
21 11 2147483647 45
1 11 1 45
21 22 2147483647 90
1 22 1 90
21 98 2147483647 93
1 98 1 93
21 102 30 0
21 2 2147483647 0
22 30 2147483647 48
1 30 1 48
22 85 2147483647 5
1 85 1 5
22 16 2147483647 37
1 16 1 37
22 4 2147483647 24
1 4 1 24
22 11 2147483647 59
1 11 1 59
22 44 2147483647 76
1 44 1 76
22 37 2147483647 44
1 37 1 44
22 18 2147483647 10
1 18 1 10
22 13 2147483647 66
1 13 1 66
22 19 2147483647 48
1 19 1 48
22 27 2147483647 82
1 27 1 82
22 102 11 0
22 2 2147483647 0
23 67 2147483647 43
1 67 1 43
23 59 2147483647 20
1 59 1 20
23 97 2147483647 35
1 97 1 35
23 31 2147483647 13
1 31 1 13
23 99 2147483647 33
1 99 1 33
23 21 2147483647 90
1 21 1 90
23 85 2147483647 80
1 85 1 80
23 8 2147483647 7
1 8 1 7
23 93 2147483647 73
1 93 1 73
23 77 2147483647 25
1 77 1 25
23 7 2147483647 97
1 7 1 97
23 44 2147483647 16
1 44 1 16
23 33 2147483647 18
1 33 1 18
23 90 2147483647 25
1 90 1 25
23 42 2147483647 58
1 42 1 58
23 74 2147483647 75
1 74 1 75
23 82 2147483647 45
1 82 1 45
23 80 2147483647 9
1 80 1 9
23 20 2147483647 81
1 20 1 81
23 49 2147483647 23
1 49 1 23
23 32 2147483647 74
1 32 1 74
23 45 2147483647 91
1 45 1 91
23 89 2147483647 76
1 89 1 76
23 14 2147483647 52
1 14 1 52
23 84 2147483647 4
1 84 1 4
23 28 2147483647 94
1 28 1 94
23 30 2147483647 49
1 30 1 49
23 36 2147483647 58
1 36 1 58
23 95 2147483647 80
1 95 1 80
23 53 2147483647 6
1 53 1 6
23 102 30 0
23 2 2147483647 0
24 55 2147483647 26
1 55 1 26
24 50 2147483647 7
1 50 1 7
24 18 2147483647 4
1 18 1 4
24 52 2147483647 67
1 52 1 67
24 91 2147483647 29
1 91 1 29
24 8 2147483647 47
1 8 1 47
24 54 2147483647 39
1 54 1 39
24 27 2147483647 28
1 27 1 28
24 46 2147483647 26
1 46 1 26
24 101 2147483647 45
1 101 1 45
24 20 2147483647 38
1 20 1 38
24 99 2147483647 77
1 99 1 77
24 34 2147483647 64
1 34 1 64
24 37 2147483647 28
1 37 1 28
24 85 2147483647 38
1 85 1 38
24 38 2147483647 12
1 38 1 12
24 76 2147483647 85
1 76 1 85
24 95 2147483647 17
1 95 1 17
24 47 2147483647 83
1 47 1 83
24 57 2147483647 94
1 57 1 94
24 58 2147483647 41
1 58 1 41
24 16 2147483647 75
1 16 1 75
24 10 2147483647 72
1 10 1 72
24 5 2147483647 99
1 5 1 99
24 30 2147483647 39
1 30 1 39
24 35 2147483647 81
1 35 1 81
24 4 2147483647 20
1 4 1 20
24 74 2147483647 28
1 74 1 28
24 102 28 0
24 2 2147483647 0
25 78 2147483647 74
1 78 1 74
25 98 2147483647 68
1 98 1 68
25 10 2147483647 50
1 10 1 50
25 56 2147483647 64
1 56 1 64
25 99 2147483647 53
1 99 1 53
25 29 2147483647 24
1 29 1 24
25 4 2147483647 37
1 4 1 37
25 34 2147483647 20
1 34 1 20
25 27 2147483647 71
1 27 1 71
25 91 2147483647 36
1 91 1 36
25 66 2147483647 58
1 66 1 58
25 19 2147483647 45
1 19 1 45
25 58 2147483647 95
1 58 1 95
25 13 2147483647 70
1 13 1 70
25 33 2147483647 94
1 33 1 94
25 52 2147483647 84
1 52 1 84
25 84 2147483647 39
1 84 1 39
25 76 2147483647 38
1 76 1 38
25 5 2147483647 97
1 5 1 97
25 100 2147483647 47
1 100 1 47
25 44 2147483647 65
1 44 1 65
25 82 2147483647 99
1 82 1 99
25 8 2147483647 19
1 8 1 19
25 50 2147483647 27
1 50 1 27
25 37 2147483647 2
1 37 1 2
25 16 2147483647 90
1 16 1 90
25 96 2147483647 99
1 96 1 99
25 89 2147483647 13
1 89 1 13
25 20 2147483647 19
1 20 1 19
25 46 2147483647 55
1 46 1 55
25 102 30 0
25 2 2147483647 0
26 71 2147483647 2
1 71 1 2
26 54 2147483647 39
1 54 1 39
26 89 2147483647 21
1 89 1 21
26 99 2147483647 81
1 99 1 81
26 22 2147483647 42
1 22 1 42
26 85 2147483647 33
1 85 1 33
26 69 2147483647 10
1 69 1 10
26 70 2147483647 44
1 70 1 44
26 18 2147483647 70
1 18 1 70
26 84 2147483647 76
1 84 1 76
26 5 2147483647 99
1 5 1 99
26 56 2147483647 74
1 56 1 74
26 8 2147483647 50
1 8 1 50
26 97 2147483647 4
1 97 1 4
26 29 2147483647 19
1 29 1 19
26 93 2147483647 16
1 93 1 16
26 100 2147483647 17
1 100 1 17
26 59 2147483647 6
1 59 1 6
26 50 2147483647 38
1 50 1 38
26 40 2147483647 59
1 40 1 59
26 78 2147483647 57
1 78 1 57
26 80 2147483647 27
1 80 1 27
26 76 2147483647 76
1 76 1 76
26 33 2147483647 7
1 33 1 7
26 82 2147483647 23
1 82 1 23
26 11 2147483647 34
1 11 1 34
26 72 2147483647 43
1 72 1 43
26 58 2147483647 1
1 58 1 1
26 83 2147483647 45
1 83 1 45
26 27 2147483647 77
1 27 1 77
26 102 30 0
26 2 2147483647 0
27 16 2147483647 46
1 16 1 46
27 18 2147483647 82
1 18 1 82
27 91 2147483647 33
1 91 1 33
27 44 2147483647 22
1 44 1 22
27 30 2147483647 23
1 30 1 23
27 13 2147483647 43
1 13 1 43
27 85 2147483647 41
1 85 1 41
27 78 2147483647 89
1 78 1 89
27 34 2147483647 57
1 34 1 57
27 102 9 0
27 2 2147483647 0
28 34 2147483647 3
1 34 1 3
28 98 2147483647 52
1 98 1 52
28 66 2147483647 40
1 66 1 40
28 76 2147483647 40
1 76 1 40
28 4 2147483647 15
1 4 1 15
28 37 2147483647 81
1 37 1 81
28 16 2147483647 41
1 16 1 41
28 38 2147483647 72
1 38 1 72
28 95 2147483647 44
1 95 1 44
28 54 2147483647 51
1 54 1 51
28 60 2147483647 9
1 60 1 9
28 85 2147483647 46
1 85 1 46
28 27 2147483647 32
1 27 1 32
28 97 2147483647 66
1 97 1 66
28 100 2147483647 21
1 100 1 21
28 25 2147483647 27
1 25 1 27
28 33 2147483647 43
1 33 1 43
28 78 2147483647 89
1 78 1 89
28 99 2147483647 16
1 99 1 16
28 5 2147483647 48
1 5 1 48
28 10 2147483647 45
1 10 1 45
28 52 2147483647 67
1 52 1 67
28 70 2147483647 32
1 70 1 32
28 83 2147483647 50
1 83 1 50
28 35 2147483647 12
1 35 1 12
28 40 2147483647 61
1 40 1 61
28 6 2147483647 70
1 6 1 70
28 71 2147483647 43
1 71 1 43
28 3 2147483647 84
1 3 1 84
28 59 2147483647 81
1 59 1 81
28 102 30 0
28 2 2147483647 0
29 96 2147483647 72
1 96 1 72
29 34 2147483647 76
1 34 1 76
29 78 2147483647 19
1 78 1 19
29 91 2147483647 75
1 91 1 75
29 6 2147483647 3
1 6 1 3
29 100 2147483647 62
1 100 1 62
29 83 2147483647 4
1 83 1 4
29 35 2147483647 58
1 35 1 58
29 85 2147483647 9
1 85 1 9
29 47 2147483647 36
1 47 1 36
29 74 2147483647 59
1 74 1 59
29 19 2147483647 13
1 19 1 13
29 102 12 0
29 2 2147483647 0
30 44 2147483647 95
1 44 1 95
30 37 2147483647 54
1 37 1 54
30 102 2 0
30 2 2147483647 0
31 47 2147483647 6
1 47 1 6
31 37 2147483647 76
1 37 1 76
31 26 2147483647 16
1 26 1 16
31 89 2147483647 35
1 89 1 35
31 52 2147483647 11
1 52 1 11
31 17 2147483647 40
1 17 1 40
31 40 2147483647 92
1 40 1 92
31 15 2147483647 8
1 15 1 8
31 91 2147483647 98
1 91 1 98
31 69 2147483647 70
1 69 1 70
31 96 2147483647 84
1 96 1 84
31 34 2147483647 42
1 34 1 42
31 84 2147483647 38
1 84 1 38
31 74 2147483647 100
1 74 1 100
31 35 2147483647 51
1 35 1 51
31 18 2147483647 40
1 18 1 40
31 54 2147483647 92
1 54 1 92
31 71 2147483647 9
1 71 1 9
31 55 2147483647 34
1 55 1 34
31 72 2147483647 64
1 72 1 64
31 65 2147483647 63
1 65 1 63
31 29 2147483647 24
1 29 1 24
31 66 2147483647 38
1 66 1 38
31 20 2147483647 44
1 20 1 44
31 57 2147483647 57
1 57 1 57
31 28 2147483647 38
1 28 1 38
31 50 2147483647 35
1 50 1 35
31 75 2147483647 41
1 75 1 41
31 41 2147483647 99
1 41 1 99
31 33 2147483647 26
1 33 1 26
31 102 30 0
31 2 2147483647 0
32 72 2147483647 90
1 72 1 90
32 52 2147483647 10
1 52 1 10
32 94 2147483647 30
1 94 1 30
32 19 2147483647 64
1 19 1 64
32 49 2147483647 55
1 49 1 55
32 75 2147483647 6
1 75 1 6
32 97 2147483647 79
1 97 1 79
32 6 2147483647 27
1 6 1 27
32 44 2147483647 65
1 44 1 65
32 65 2147483647 75
1 65 1 75
32 16 2147483647 33
1 16 1 33
32 66 2147483647 71
1 66 1 71
32 98 2147483647 1
1 98 1 1
32 31 2147483647 3
1 31 1 3
32 11 2147483647 7
1 11 1 7
32 99 2147483647 37
1 99 1 37
32 55 2147483647 75
1 55 1 75
32 33 2147483647 85
1 33 1 85
32 46 2147483647 95
1 46 1 95
32 15 2147483647 12
1 15 1 12
32 50 2147483647 15
1 50 1 15
32 74 2147483647 50
1 74 1 50
32 40 2147483647 59
1 40 1 59
32 45 2147483647 73
1 45 1 73
32 82 2147483647 6
1 82 1 6
32 34 2147483647 83
1 34 1 83
32 71 2147483647 56
1 71 1 56
32 84 2147483647 34
1 84 1 34
32 61 2147483647 8
1 61 1 8
32 4 2147483647 26
1 4 1 26
32 102 30 0
32 2 2147483647 0
33 98 2147483647 61
1 98 1 61
33 96 2147483647 95
1 96 1 95
33 99 2147483647 25
1 99 1 25
33 13 2147483647 86
1 13 1 86
33 101 2147483647 34
1 101 1 34
33 71 2147483647 19
1 71 1 19
33 38 2147483647 54
1 38 1 54
33 83 2147483647 72
1 83 1 72
33 50 2147483647 63
1 50 1 63
33 54 2147483647 40
1 54 1 40
33 100 2147483647 23
1 100 1 23
33 30 2147483647 31
1 30 1 31
33 16 2147483647 20
1 16 1 20
33 22 2147483647 92
1 22 1 92
33 82 2147483647 76
1 82 1 76
33 11 2147483647 29
1 11 1 29
33 44 2147483647 59
1 44 1 59
33 6 2147483647 84
1 6 1 84
33 4 2147483647 16
1 4 1 16
33 90 2147483647 86
1 90 1 86
33 78 2147483647 2
1 78 1 2
33 47 2147483647 16
1 47 1 16
33 18 2147483647 91
1 18 1 91
33 34 2147483647 49
1 34 1 49
33 27 2147483647 78
1 27 1 78
33 102 25 0
33 2 2147483647 0
34 102 0 0
34 2 2147483647 0
35 102 0 0
35 2 2147483647 0
36 56 2147483647 78
1 56 1 78
36 47 2147483647 67
1 47 1 67
36 97 2147483647 85
1 97 1 85
36 80 2147483647 19
1 80 1 19
36 55 2147483647 65
1 55 1 65
36 82 2147483647 15
1 82 1 15
36 52 2147483647 27
1 52 1 27
36 8 2147483647 36
1 8 1 36
36 59 2147483647 1
1 59 1 1
36 22 2147483647 64
1 22 1 64
36 71 2147483647 22
1 71 1 22
36 25 2147483647 68
1 25 1 68
36 70 2147483647 20
1 70 1 20
36 16 2147483647 95
1 16 1 95
36 44 2147483647 87
1 44 1 87
36 35 2147483647 55
1 35 1 55
36 50 2147483647 35
1 50 1 35
36 83 2147483647 33
1 83 1 33
36 34 2147483647 84
1 34 1 84
36 4 2147483647 76
1 4 1 76
36 37 2147483647 43
1 37 1 43
36 41 2147483647 56
1 41 1 56
36 99 2147483647 98
1 99 1 98
36 38 2147483647 62
1 38 1 62
36 58 2147483647 38
1 58 1 38
36 66 2147483647 89
1 66 1 89
36 75 2147483647 35
1 75 1 35
36 6 2147483647 44
1 6 1 44
36 20 2147483647 59
1 20 1 59
36 84 2147483647 73
1 84 1 73
36 102 30 0
36 2 2147483647 0
37 102 0 0
37 2 2147483647 0
38 85 2147483647 74
1 85 1 74
38 18 2147483647 85
1 18 1 85
38 16 2147483647 32
1 16 1 32
38 37 2147483647 21
1 37 1 21
38 13 2147483647 94
1 13 1 94
38 19 2147483647 8
1 19 1 8
38 4 2147483647 28
1 4 1 28
38 50 2147483647 49
1 50 1 49
38 78 2147483647 45
1 78 1 45
38 102 9 0
38 2 2147483647 0
39 43 2147483647 67
1 43 1 67
39 62 2147483647 49
1 62 1 49
39 9 2147483647 3
1 9 1 3
39 77 2147483647 1
1 77 1 1
39 91 2147483647 47
1 91 1 47
39 37 2147483647 97
1 37 1 97
39 33 2147483647 94
1 33 1 94
39 95 2147483647 23
1 95 1 23
39 45 2147483647 10
1 45 1 10
39 21 2147483647 71
1 21 1 71
39 74 2147483647 74
1 74 1 74
39 10 2147483647 93
1 10 1 93
39 29 2147483647 98
1 29 1 98
39 63 2147483647 18
1 63 1 18
39 81 2147483647 45
1 81 1 45
39 40 2147483647 56
1 40 1 56
39 60 2147483647 88
1 60 1 88
39 18 2147483647 3
1 18 1 3
39 89 2147483647 5
1 89 1 5
39 59 2147483647 31
1 59 1 31
39 38 2147483647 12
1 38 1 12
39 83 2147483647 37
1 83 1 37
39 87 2147483647 17
1 87 1 17
39 92 2147483647 36
1 92 1 36
39 78 2147483647 19
1 78 1 19
39 35 2147483647 38
1 35 1 38
39 93 2147483647 82
1 93 1 82
39 70 2147483647 41
1 70 1 41
39 82 2147483647 31
1 82 1 31
39 90 2147483647 28
1 90 1 28
39 102 30 0
39 2 2147483647 0
40 70 2147483647 31
1 70 1 31
40 36 2147483647 41
1 36 1 41
40 85 2147483647 74
1 85 1 74
40 95 2147483647 27
1 95 1 27
40 27 2147483647 50
1 27 1 50
40 20 2147483647 51
1 20 1 51
40 16 2147483647 58
1 16 1 58
40 90 2147483647 36
1 90 1 36
40 54 2147483647 81
1 54 1 81
40 75 2147483647 98
1 75 1 98
40 18 2147483647 1
1 18 1 1
40 41 2147483647 13
1 41 1 13
40 52 2147483647 50
1 52 1 50
40 71 2147483647 100
1 71 1 100
40 78 2147483647 4
1 78 1 4
40 101 2147483647 75
1 101 1 75
40 47 2147483647 32
1 47 1 32
40 82 2147483647 99
1 82 1 99
40 76 2147483647 3
1 76 1 3
40 80 2147483647 21
1 80 1 21
40 38 2147483647 57
1 38 1 57
40 25 2147483647 50
1 25 1 50
40 37 2147483647 27
1 37 1 27
40 72 2147483647 33
1 72 1 33
40 89 2147483647 53
1 89 1 53
40 99 2147483647 71
1 99 1 71
40 30 2147483647 80
1 30 1 80
40 58 2147483647 53
1 58 1 53
40 100 2147483647 95
1 100 1 95
40 46 2147483647 76
1 46 1 76
40 102 30 0
40 2 2147483647 0
41 18 2147483647 92
1 18 1 92
41 50 2147483647 23
1 50 1 23
41 99 2147483647 59
1 99 1 59
41 6 2147483647 63
1 6 1 63
41 27 2147483647 3
1 27 1 3
41 42 2147483647 1
1 42 1 1
41 8 2147483647 66
1 8 1 66
41 46 2147483647 74
1 46 1 74
41 74 2147483647 69
1 74 1 69
41 22 2147483647 22
1 22 1 22
41 85 2147483647 100
1 85 1 100
41 71 2147483647 74
1 71 1 74
41 35 2147483647 17
1 35 1 17
41 101 2147483647 19
1 101 1 19
41 89 2147483647 14
1 89 1 14
41 4 2147483647 4
1 4 1 4
41 78 2147483647 13
1 78 1 13
41 56 2147483647 83
1 56 1 83
41 19 2147483647 76
1 19 1 76
41 54 2147483647 34
1 54 1 34
41 13 2147483647 31
1 13 1 31
41 91 2147483647 37
1 91 1 37
41 34 2147483647 57
1 34 1 57
41 66 2147483647 10
1 66 1 10
41 33 2147483647 31
1 33 1 31
41 102 25 0
41 2 2147483647 0
42 85 2147483647 22
1 85 1 22
42 27 2147483647 36
1 27 1 36
42 4 2147483647 13
1 4 1 13
42 89 2147483647 75
1 89 1 75
42 83 2147483647 51
1 83 1 51
42 13 2147483647 76
1 13 1 76
42 82 2147483647 64
1 82 1 64
42 98 2147483647 21
1 98 1 21
42 74 2147483647 57
1 74 1 57
42 99 2147483647 14
1 99 1 14
42 91 2147483647 35
1 91 1 35
42 44 2147483647 76
1 44 1 76
42 34 2147483647 55
1 34 1 55
42 78 2147483647 88
1 78 1 88
42 66 2147483647 44
1 66 1 44
42 35 2147483647 44
1 35 1 44
42 71 2147483647 26
1 71 1 26
42 29 2147483647 6
1 29 1 6
42 33 2147483647 42
1 33 1 42
42 37 2147483647 49
1 37 1 49
42 47 2147483647 73
1 47 1 73
42 102 21 0
42 2 2147483647 0
43 14 2147483647 39
1 14 1 39
43 68 2147483647 43
1 68 1 43
43 28 2147483647 18
1 28 1 18
43 100 2147483647 97
1 100 1 97
43 30 2147483647 55
1 30 1 55
43 88 2147483647 77
1 88 1 77
43 87 2147483647 21
1 87 1 21
43 56 2147483647 36
1 56 1 36
43 76 2147483647 14
1 76 1 14
43 96 2147483647 100
1 96 1 100
43 21 2147483647 83
1 21 1 83
43 63 2147483647 40
1 63 1 40
43 83 2147483647 36
1 83 1 36
43 6 2147483647 16
1 6 1 16
43 101 2147483647 9
1 101 1 9
43 79 2147483647 19
1 79 1 19
43 60 2147483647 43
1 60 1 43
43 44 2147483647 95
1 44 1 95
43 49 2147483647 25
1 49 1 25
43 38 2147483647 64
1 38 1 64
43 99 2147483647 92
1 99 1 92
43 55 2147483647 100
1 55 1 100
43 48 2147483647 31
1 48 1 31
43 32 2147483647 24
1 32 1 24
43 54 2147483647 86
1 54 1 86
43 89 2147483647 26
1 89 1 26
43 78 2147483647 23
1 78 1 23
43 50 2147483647 33
1 50 1 33
43 70 2147483647 61
1 70 1 61
43 98 2147483647 51
1 98 1 51
43 102 30 0
43 2 2147483647 0
44 19 2147483647 48
1 19 1 48
44 102 1 0
44 2 2147483647 0
45 22 2147483647 49
1 22 1 49
45 4 2147483647 41
1 4 1 41
45 85 2147483647 77
1 85 1 77
45 98 2147483647 82
1 98 1 82
45 74 2147483647 3
1 74 1 3
45 44 2147483647 61
1 44 1 61
45 47 2147483647 31
1 47 1 31
45 16 2147483647 63
1 16 1 63
45 37 2147483647 89
1 37 1 89
45 90 2147483647 84
1 90 1 84
45 91 2147483647 85
1 91 1 85
45 38 2147483647 96
1 38 1 96
45 13 2147483647 27
1 13 1 27
45 82 2147483647 10
1 82 1 10
45 54 2147483647 44
1 54 1 44
45 100 2147483647 51
1 100 1 51
45 34 2147483647 3
1 34 1 3
45 18 2147483647 15
1 18 1 15
45 50 2147483647 47
1 50 1 47
45 19 2147483647 30
1 19 1 30
45 56 2147483647 18
1 56 1 18
45 6 2147483647 61
1 6 1 61
45 102 22 0
45 2 2147483647 0
46 50 2147483647 93
1 50 1 93
46 16 2147483647 45
1 16 1 45
46 30 2147483647 55
1 30 1 55
46 71 2147483647 94
1 71 1 94
46 85 2147483647 77
1 85 1 77
46 90 2147483647 56
1 90 1 56
46 66 2147483647 92
1 66 1 92
46 99 2147483647 69
1 99 1 69
46 82 2147483647 4
1 82 1 4
46 44 2147483647 31
1 44 1 31
46 37 2147483647 48
1 37 1 48
46 96 2147483647 63
1 96 1 63
46 38 2147483647 88
1 38 1 88
46 19 2147483647 94
1 19 1 94
46 6 2147483647 66
1 6 1 66
46 54 2147483647 56
1 54 1 56
46 102 16 0
46 2 2147483647 0
47 91 2147483647 30
1 91 1 30
47 19 2147483647 40
1 19 1 40
47 30 2147483647 80
1 30 1 80
47 50 2147483647 57
1 50 1 57
47 90 2147483647 31
1 90 1 31
47 44 2147483647 92
1 44 1 92
47 13 2147483647 31
1 13 1 31
47 96 2147483647 47
1 96 1 47
47 74 2147483647 62
1 74 1 62
47 82 2147483647 86
1 82 1 86
47 22 2147483647 100
1 22 1 100
47 71 2147483647 63
1 71 1 63
47 38 2147483647 41
1 38 1 41
47 99 2147483647 91
1 99 1 91
47 56 2147483647 38
1 56 1 38
47 11 2147483647 51
1 11 1 51
47 102 16 0
47 2 2147483647 0
48 15 2147483647 56
1 15 1 56
48 20 2147483647 21
1 20 1 21
48 94 2147483647 17
1 94 1 17
48 73 2147483647 94
1 73 1 94
48 11 2147483647 66
1 11 1 66
48 67 2147483647 20
1 67 1 20
48 69 2147483647 47
1 69 1 47
48 99 2147483647 88
1 99 1 88
48 60 2147483647 69
1 60 1 69
48 28 2147483647 68
1 28 1 68
48 46 2147483647 56
1 46 1 56
48 91 2147483647 70
1 91 1 70
48 52 2147483647 80
1 52 1 80
48 79 2147483647 71
1 79 1 71
48 50 2147483647 78
1 50 1 78
48 74 2147483647 91
1 74 1 91
48 40 2147483647 18
1 40 1 18
48 42 2147483647 21
1 42 1 21
48 21 2147483647 43
1 21 1 43
48 25 2147483647 27
1 25 1 27
48 83 2147483647 37
1 83 1 37
48 31 2147483647 44
1 31 1 44
48 22 2147483647 18
1 22 1 18
48 59 2147483647 97
1 59 1 97
48 89 2147483647 9
1 89 1 9
48 80 2147483647 68
1 80 1 68
48 19 2147483647 99
1 19 1 99
48 70 2147483647 49
1 70 1 49
48 82 2147483647 63
1 82 1 63
48 26 2147483647 55
1 26 1 55
48 102 30 0
48 2 2147483647 0
49 46 2147483647 40
1 46 1 40
49 57 2147483647 58
1 57 1 58
49 71 2147483647 77
1 71 1 77
49 34 2147483647 92
1 34 1 92
49 54 2147483647 73
1 54 1 73
49 60 2147483647 92
1 60 1 92
49 45 2147483647 5
1 45 1 5
49 30 2147483647 82
1 30 1 82
49 93 2147483647 24
1 93 1 24
49 11 2147483647 74
1 11 1 74
49 89 2147483647 90
1 89 1 90
49 4 2147483647 39
1 4 1 39
49 97 2147483647 59
1 97 1 59
49 59 2147483647 36
1 59 1 36
49 90 2147483647 48
1 90 1 48
49 58 2147483647 2
1 58 1 2
49 96 2147483647 7
1 96 1 7
49 53 2147483647 54
1 53 1 54
49 8 2147483647 79
1 8 1 79
49 19 2147483647 79
1 19 1 79
49 28 2147483647 21
1 28 1 21
49 100 2147483647 41
1 100 1 41
49 66 2147483647 83
1 66 1 83
49 24 2147483647 17
1 24 1 17
49 65 2147483647 25
1 65 1 25
49 22 2147483647 40
1 22 1 40
49 36 2147483647 31
1 36 1 31
49 40 2147483647 44
1 40 1 44
49 84 2147483647 32
1 84 1 32
49 101 2147483647 45
1 101 1 45
49 102 30 0
49 2 2147483647 0
50 19 2147483647 91
1 19 1 91
50 18 2147483647 81
1 18 1 81
50 44 2147483647 81
1 44 1 81
50 102 3 0
50 2 2147483647 0
51 92 2147483647 24
1 92 1 24
51 12 2147483647 24
1 12 1 24
51 81 2147483647 70
1 81 1 70
51 53 2147483647 43
1 53 1 43
51 29 2147483647 56
1 29 1 56
51 98 2147483647 89
1 98 1 89
51 94 2147483647 23
1 94 1 23
51 96 2147483647 18
1 96 1 18
51 86 2147483647 39
1 86 1 39
51 72 2147483647 66
1 72 1 66
51 3 2147483647 83
1 3 1 83
51 40 2147483647 65
1 40 1 65
51 97 2147483647 63
1 97 1 63
51 26 2147483647 44
1 26 1 44
51 65 2147483647 59
1 65 1 59
51 88 2147483647 48
1 88 1 48
51 91 2147483647 39
1 91 1 39
51 44 2147483647 78
1 44 1 78
51 22 2147483647 21
1 22 1 21
51 69 2147483647 49
1 69 1 49
51 71 2147483647 35
1 71 1 35
51 85 2147483647 86
1 85 1 86
51 58 2147483647 46
1 58 1 46
51 63 2147483647 43
1 63 1 43
51 50 2147483647 87
1 50 1 87
51 78 2147483647 87
1 78 1 87
51 34 2147483647 63
1 34 1 63
51 41 2147483647 65
1 41 1 65
51 25 2147483647 53
1 25 1 53
51 20 2147483647 17
1 20 1 17
51 102 30 0
51 2 2147483647 0
52 71 2147483647 31
1 71 1 31
52 55 2147483647 51
1 55 1 51
52 100 2147483647 39
1 100 1 39
52 38 2147483647 74
1 38 1 74
52 89 2147483647 38
1 89 1 38
52 66 2147483647 81
1 66 1 81
52 83 2147483647 83
1 83 1 83
52 101 2147483647 9
1 101 1 9
52 58 2147483647 64
1 58 1 64
52 37 2147483647 55
1 37 1 55
52 5 2147483647 55
1 5 1 55
52 74 2147483647 29
1 74 1 29
52 50 2147483647 85
1 50 1 85
52 44 2147483647 71
1 44 1 71
52 47 2147483647 2
1 47 1 2
52 4 2147483647 48
1 4 1 48
52 76 2147483647 99
1 76 1 99
52 42 2147483647 53
1 42 1 53
52 70 2147483647 24
1 70 1 24
52 13 2147483647 60
1 13 1 60
52 33 2147483647 82
1 33 1 82
52 78 2147483647 67
1 78 1 67
52 54 2147483647 87
1 54 1 87
52 102 23 0
52 2 2147483647 0
53 3 2147483647 26
1 3 1 26
53 42 2147483647 65
1 42 1 65
53 74 2147483647 72
1 74 1 72
53 4 2147483647 85
1 4 1 85
53 78 2147483647 5
1 78 1 5
53 19 2147483647 95
1 19 1 95
53 33 2147483647 33
1 33 1 33
53 66 2147483647 48
1 66 1 48
53 58 2147483647 96
1 58 1 96
53 95 2147483647 11
1 95 1 11
53 45 2147483647 43
1 45 1 43
53 70 2147483647 41
1 70 1 41
53 82 2147483647 29
1 82 1 29
53 38 2147483647 67
1 38 1 67
53 24 2147483647 49
1 24 1 49
53 41 2147483647 42
1 41 1 42
53 27 2147483647 16
1 27 1 16
53 94 2147483647 75
1 94 1 75
53 65 2147483647 58
1 65 1 58
53 99 2147483647 62
1 99 1 62
53 60 2147483647 54
1 60 1 54
53 15 2147483647 73
1 15 1 73
53 8 2147483647 51
1 8 1 51
53 21 2147483647 86
1 21 1 86
53 101 2147483647 1
1 101 1 1
53 30 2147483647 41
1 30 1 41
53 17 2147483647 100
1 17 1 100
53 35 2147483647 61
1 35 1 61
53 80 2147483647 33
1 80 1 33
53 96 2147483647 45
1 96 1 45
53 102 30 0
53 2 2147483647 0
54 102 0 0
54 2 2147483647 0
55 100 2147483647 63
1 100 1 63
55 82 2147483647 38
1 82 1 38
55 37 2147483647 72
1 37 1 72
55 46 2147483647 48
1 46 1 48
55 50 2147483647 7
1 50 1 7
55 99 2147483647 45
1 99 1 45
55 45 2147483647 73
1 45 1 73
55 75 2147483647 33
1 75 1 33
55 33 2147483647 40
1 33 1 40
55 91 2147483647 89
1 91 1 89
55 35 2147483647 80
1 35 1 80
55 11 2147483647 41
1 11 1 41
55 34 2147483647 49
1 34 1 49
55 16 2147483647 68
1 16 1 68
55 85 2147483647 86
1 85 1 86
55 30 2147483647 90
1 30 1 90
55 4 2147483647 77
1 4 1 77
55 47 2147483647 51
1 47 1 51
55 41 2147483647 16
1 41 1 16
55 83 2147483647 38
1 83 1 38
55 58 2147483647 76
1 58 1 76
55 66 2147483647 4
1 66 1 4
55 38 2147483647 65
1 38 1 65
55 54 2147483647 65
1 54 1 65
55 71 2147483647 68
1 71 1 68
55 101 2147483647 24
1 101 1 24
55 74 2147483647 75
1 74 1 75
55 89 2147483647 64
1 89 1 64
55 102 28 0
55 2 2147483647 0
56 11 2147483647 79
1 11 1 79
56 66 2147483647 1
1 66 1 1
56 82 2147483647 69
1 82 1 69
56 4 2147483647 58
1 4 1 58
56 16 2147483647 10
1 16 1 10
56 37 2147483647 16
1 37 1 16
56 19 2147483647 18
1 19 1 18
56 30 2147483647 48
1 30 1 48
56 54 2147483647 93
1 54 1 93
56 99 2147483647 89
1 99 1 89
56 96 2147483647 45
1 96 1 45
56 102 11 0
56 2 2147483647 0
57 78 2147483647 39
1 78 1 39
57 30 2147483647 10
1 30 1 10
57 11 2147483647 51
1 11 1 51
57 16 2147483647 28
1 16 1 28
57 80 2147483647 83
1 80 1 83
57 101 2147483647 90
1 101 1 90
57 18 2147483647 52
1 18 1 52
57 45 2147483647 51
1 45 1 51
57 84 2147483647 12
1 84 1 12
57 98 2147483647 31
1 98 1 31
57 54 2147483647 3
1 54 1 3
57 27 2147483647 48
1 27 1 48
57 6 2147483647 60
1 6 1 60
57 13 2147483647 80
1 13 1 80
57 35 2147483647 15
1 35 1 15
57 70 2147483647 7
1 70 1 7
57 56 2147483647 21
1 56 1 21
57 99 2147483647 36
1 99 1 36
57 29 2147483647 25
1 29 1 25
57 34 2147483647 24
1 34 1 24
57 20 2147483647 98
1 20 1 98
57 58 2147483647 79
1 58 1 79
57 42 2147483647 8
1 42 1 8
57 90 2147483647 42
1 90 1 42
57 102 24 0
57 2 2147483647 0
58 102 0 0
58 2 2147483647 0
59 56 2147483647 36
1 56 1 36
59 98 2147483647 14
1 98 1 14
59 5 2147483647 92
1 5 1 92
59 99 2147483647 92
1 99 1 92
59 35 2147483647 7
1 35 1 7
59 37 2147483647 87
1 37 1 87
59 71 2147483647 78
1 71 1 78
59 33 2147483647 13
1 33 1 13
59 85 2147483647 14
1 85 1 14
59 80 2147483647 60
1 80 1 60
59 84 2147483647 38
1 84 1 38
59 76 2147483647 63
1 76 1 63
59 29 2147483647 26
1 29 1 26
59 95 2147483647 60
1 95 1 60
59 10 2147483647 67
1 10 1 67
59 42 2147483647 41
1 42 1 41
59 89 2147483647 64
1 89 1 64
59 16 2147483647 15
1 16 1 15
59 58 2147483647 74
1 58 1 74
59 96 2147483647 10
1 96 1 10
59 47 2147483647 73
1 47 1 73
59 90 2147483647 89
1 90 1 89
59 75 2147483647 14
1 75 1 14
59 66 2147483647 9
1 66 1 9
59 24 2147483647 73
1 24 1 73
59 41 2147483647 12
1 41 1 12
59 30 2147483647 33
1 30 1 33
59 74 2147483647 91
1 74 1 91
59 100 2147483647 73
1 100 1 73
59 8 2147483647 45
1 8 1 45
59 102 30 0
59 2 2147483647 0
60 102 0 0
60 2 2147483647 0
61 10 2147483647 98
1 10 1 98
61 29 2147483647 76
1 29 1 76
61 66 2147483647 79
1 66 1 79
61 93 2147483647 91
1 93 1 91
61 85 2147483647 14
1 85 1 14
61 83 2147483647 49
1 83 1 49
61 81 2147483647 45
1 81 1 45
61 3 2147483647 54
1 3 1 54
61 40 2147483647 77
1 40 1 77
61 18 2147483647 90
1 18 1 90
61 58 2147483647 56
1 58 1 56
61 65 2147483647 60
1 65 1 60
61 44 2147483647 1
1 44 1 1
61 57 2147483647 73
1 57 1 73
61 69 2147483647 6
1 69 1 6
61 6 2147483647 56
1 6 1 56
61 47 2147483647 82
1 47 1 82
61 42 2147483647 100
1 42 1 100
61 90 2147483647 44
1 90 1 44
61 94 2147483647 68
1 94 1 68
61 37 2147483647 43
1 37 1 43
61 98 2147483647 83
1 98 1 83
61 96 2147483647 54
1 96 1 54
61 35 2147483647 53
1 35 1 53
61 27 2147483647 53
1 27 1 53
61 21 2147483647 99
1 21 1 99
61 46 2147483647 51
1 46 1 51
61 25 2147483647 43
1 25 1 43
61 50 2147483647 53
1 50 1 53
61 38 2147483647 32
1 38 1 32
61 102 30 0
61 2 2147483647 0
62 76 2147483647 84
1 76 1 84
62 38 2147483647 29
1 38 1 29
62 31 2147483647 14
1 31 1 14
62 18 2147483647 13
1 18 1 13
62 45 2147483647 50
1 45 1 50
62 70 2147483647 72
1 70 1 72
62 33 2147483647 80
1 33 1 80
62 42 2147483647 77
1 42 1 77
62 20 2147483647 18
1 20 1 18
62 100 2147483647 68
1 100 1 68
62 14 2147483647 92
1 14 1 92
62 56 2147483647 71
1 56 1 71
62 57 2147483647 89
1 57 1 89
62 83 2147483647 65
1 83 1 65
62 21 2147483647 26
1 21 1 26
62 91 2147483647 94
1 91 1 94
62 30 2147483647 41
1 30 1 41
62 88 2147483647 45
1 88 1 45
62 81 2147483647 26
1 81 1 26
62 49 2147483647 17
1 49 1 17
62 55 2147483647 23
1 55 1 23
62 94 2147483647 97
1 94 1 97
62 75 2147483647 6
1 75 1 6
62 93 2147483647 81
1 93 1 81
62 24 2147483647 15
1 24 1 15
62 87 2147483647 21
1 87 1 21
62 66 2147483647 39
1 66 1 39
62 10 2147483647 63
1 10 1 63
62 36 2147483647 93
1 36 1 93
62 17 2147483647 50
1 17 1 50
62 102 30 0
62 2 2147483647 0
63 49 2147483647 75
1 49 1 75
63 56 2147483647 48
1 56 1 48
63 79 2147483647 66
1 79 1 66
63 47 2147483647 15
1 47 1 15
63 25 2147483647 46
1 25 1 46
63 45 2147483647 5
1 45 1 5
63 36 2147483647 31
1 36 1 31
63 8 2147483647 39
1 8 1 39
63 99 2147483647 81
1 99 1 81
63 54 2147483647 25
1 54 1 25
63 28 2147483647 3
1 28 1 3
63 94 2147483647 99
1 94 1 99
63 15 2147483647 49
1 15 1 49
63 72 2147483647 1
1 72 1 1
63 20 2147483647 31
1 20 1 31
63 52 2147483647 99
1 52 1 99
63 93 2147483647 32
1 93 1 32
63 16 2147483647 53
1 16 1 53
63 88 2147483647 35
1 88 1 35
63 5 2147483647 49
1 5 1 49
63 48 2147483647 77
1 48 1 77
63 95 2147483647 45
1 95 1 45
63 17 2147483647 85
1 17 1 85
63 61 2147483647 18
1 61 1 18
63 46 2147483647 63
1 46 1 63
63 67 2147483647 66
1 67 1 66
63 44 2147483647 11
1 44 1 11
63 4 2147483647 22
1 4 1 22
63 30 2147483647 46
1 30 1 46
63 29 2147483647 13
1 29 1 13
63 102 30 0
63 2 2147483647 0
64 63 2147483647 45
1 63 1 45
64 61 2147483647 17
1 61 1 17
64 31 2147483647 94
1 31 1 94
64 45 2147483647 39
1 45 1 39
64 82 2147483647 87
1 82 1 87
64 42 2147483647 24
1 42 1 24
64 8 2147483647 63
1 8 1 63
64 58 2147483647 49
1 58 1 49
64 75 2147483647 16
1 75 1 16
64 80 2147483647 2
1 80 1 2
64 70 2147483647 13
1 70 1 13
64 17 2147483647 8
1 17 1 8
64 66 2147483647 28
1 66 1 28
64 18 2147483647 92
1 18 1 92
64 77 2147483647 12
1 77 1 12
64 13 2147483647 40
1 13 1 40
64 50 2147483647 34
1 50 1 34
64 27 2147483647 65
1 27 1 65
64 7 2147483647 58
1 7 1 58
64 60 2147483647 63
1 60 1 63
64 79 2147483647 75
1 79 1 75
64 97 2147483647 31
1 97 1 31
64 54 2147483647 22
1 54 1 22
64 4 2147483647 50
1 4 1 50
64 95 2147483647 72
1 95 1 72
64 48 2147483647 63
1 48 1 63
64 93 2147483647 93
1 93 1 93
64 46 2147483647 100
1 46 1 100
64 22 2147483647 61
1 22 1 61
64 76 2147483647 45
1 76 1 45
64 102 30 0
64 2 2147483647 0
65 3 2147483647 32
1 3 1 32
65 10 2147483647 35
1 10 1 35
65 82 2147483647 11
1 82 1 11
65 44 2147483647 84
1 44 1 84
65 13 2147483647 94
1 13 1 94
65 55 2147483647 3
1 55 1 3
65 70 2147483647 91
1 70 1 91
65 83 2147483647 87
1 83 1 87
65 29 2147483647 28
1 29 1 28
65 42 2147483647 45
1 42 1 45
65 101 2147483647 57
1 101 1 57
65 56 2147483647 6
1 56 1 6
65 100 2147483647 4
1 100 1 4
65 50 2147483647 70
1 50 1 70
65 47 2147483647 47
1 47 1 47
65 97 2147483647 8
1 97 1 8
65 38 2147483647 70
1 38 1 70
65 6 2147483647 30
1 6 1 30
65 8 2147483647 48
1 8 1 48
65 84 2147483647 82
1 84 1 82
65 85 2147483647 56
1 85 1 56
65 96 2147483647 86
1 96 1 86
65 26 2147483647 52
1 26 1 52
65 90 2147483647 44
1 90 1 44
65 19 2147483647 99
1 19 1 99
65 25 2147483647 41
1 25 1 41
65 5 2147483647 59
1 5 1 59
65 30 2147483647 75
1 30 1 75
65 4 2147483647 34
1 4 1 34
65 11 2147483647 54
1 11 1 54
65 102 30 0
65 2 2147483647 0
66 102 0 0
66 2 2147483647 0
67 94 2147483647 65
1 94 1 65
67 7 2147483647 91
1 7 1 91
67 75 2147483647 12
1 75 1 12
67 82 2147483647 18
1 82 1 18
67 60 2147483647 80
1 60 1 80
67 97 2147483647 39
1 97 1 39
67 96 2147483647 5
1 96 1 5
67 95 2147483647 69
1 95 1 69
67 5 2147483647 68
1 5 1 68
67 76 2147483647 85
1 76 1 85
67 55 2147483647 79
1 55 1 79
67 65 2147483647 24
1 65 1 24
67 66 2147483647 38
1 66 1 38
67 25 2147483647 22
1 25 1 22
67 74 2147483647 54
1 74 1 54
67 10 2147483647 72
1 10 1 72
67 19 2147483647 16
1 19 1 16
67 4 2147483647 75
1 4 1 75
67 11 2147483647 9
1 11 1 9
67 71 2147483647 74
1 71 1 74
67 41 2147483647 42
1 41 1 42
67 99 2147483647 39
1 99 1 39
67 83 2147483647 86
1 83 1 86
67 35 2147483647 31
1 35 1 31
67 16 2147483647 58
1 16 1 58
67 85 2147483647 44
1 85 1 44
67 30 2147483647 16
1 30 1 16
67 84 2147483647 94
1 84 1 94
67 18 2147483647 21
1 18 1 21
67 80 2147483647 65
1 80 1 65
67 102 30 0
67 2 2147483647 0
68 21 2147483647 62
1 21 1 62
68 25 2147483647 49
1 25 1 49
68 70 2147483647 7
1 70 1 7
68 33 2147483647 56
1 33 1 56
68 35 2147483647 30
1 35 1 30
68 36 2147483647 89
1 36 1 89
68 77 2147483647 40
1 77 1 40
68 7 2147483647 58
1 7 1 58
68 5 2147483647 51
1 5 1 51
68 65 2147483647 30
1 65 1 30
68 45 2147483647 12
1 45 1 12
68 96 2147483647 80
1 96 1 80
68 74 2147483647 50
1 74 1 50
68 89 2147483647 21
1 89 1 21
68 38 2147483647 54
1 38 1 54
68 59 2147483647 57
1 59 1 57
68 84 2147483647 80
1 84 1 80
68 94 2147483647 32
1 94 1 32
68 17 2147483647 29
1 17 1 29
68 55 2147483647 30
1 55 1 30
68 42 2147483647 9
1 42 1 9
68 44 2147483647 60
1 44 1 60
68 58 2147483647 95
1 58 1 95
68 15 2147483647 59
1 15 1 59
68 22 2147483647 16
1 22 1 16
68 10 2147483647 14
1 10 1 14
68 95 2147483647 42
1 95 1 42
68 41 2147483647 97
1 41 1 97
68 54 2147483647 18
1 54 1 18
68 8 2147483647 38
1 8 1 38
68 102 30 0
68 2 2147483647 0
69 102 0 0
69 2 2147483647 0
70 47 2147483647 97
1 47 1 97
70 84 2147483647 88
1 84 1 88
70 11 2147483647 74
1 11 1 74
70 44 2147483647 64
1 44 1 64
70 90 2147483647 4
1 90 1 4
70 101 2147483647 84
1 101 1 84
70 100 2147483647 7
1 100 1 7
70 76 2147483647 38
1 76 1 38
70 18 2147483647 76
1 18 1 76
70 89 2147483647 5
1 89 1 5
70 99 2147483647 65
1 99 1 65
70 74 2147483647 32
1 74 1 32
70 27 2147483647 60
1 27 1 60
70 71 2147483647 79
1 71 1 79
70 33 2147483647 44
1 33 1 44
70 85 2147483647 61
1 85 1 61
70 75 2147483647 94
1 75 1 94
70 96 2147483647 80
1 96 1 80
70 66 2147483647 26
1 66 1 26
70 46 2147483647 13
1 46 1 13
70 29 2147483647 7
1 29 1 7
70 82 2147483647 47
1 82 1 47
70 54 2147483647 19
1 54 1 19
70 42 2147483647 2
1 42 1 2
70 35 2147483647 57
1 35 1 57
70 102 25 0
70 2 2147483647 0
71 44 2147483647 74
1 44 1 74
71 16 2147483647 33
1 16 1 33
71 50 2147483647 45
1 50 1 45
71 18 2147483647 80
1 18 1 80
71 78 2147483647 59
1 78 1 59
71 4 2147483647 54
1 4 1 54
71 11 2147483647 48
1 11 1 48
71 34 2147483647 65
1 34 1 65
71 74 2147483647 87
1 74 1 87
71 22 2147483647 15
1 22 1 15
71 66 2147483647 62
1 66 1 62
71 102 11 0
71 2 2147483647 0
72 4 2147483647 5
1 4 1 5
72 93 2147483647 89
1 93 1 89
72 59 2147483647 22
1 59 1 22
72 74 2147483647 8
1 74 1 8
72 99 2147483647 15
1 99 1 15
72 38 2147483647 4
1 38 1 4
72 78 2147483647 92
1 78 1 92
72 46 2147483647 56
1 46 1 56
72 91 2147483647 4
1 91 1 4
72 50 2147483647 40
1 50 1 40
72 58 2147483647 16
1 58 1 16
72 29 2147483647 97
1 29 1 97
72 24 2147483647 13
1 24 1 13
72 100 2147483647 80
1 100 1 80
72 13 2147483647 9
1 13 1 9
72 42 2147483647 25
1 42 1 25
72 54 2147483647 49
1 54 1 49
72 76 2147483647 25
1 76 1 25
72 45 2147483647 41
1 45 1 41
72 85 2147483647 99
1 85 1 99
72 10 2147483647 9
1 10 1 9
72 18 2147483647 37
1 18 1 37
72 25 2147483647 16
1 25 1 16
72 95 2147483647 59
1 95 1 59
72 71 2147483647 89
1 71 1 89
72 52 2147483647 44
1 52 1 44
72 60 2147483647 13
1 60 1 13
72 96 2147483647 79
1 96 1 79
72 97 2147483647 99
1 97 1 99
72 47 2147483647 67
1 47 1 67
72 102 30 0
72 2 2147483647 0
73 84 2147483647 51
1 84 1 51
73 72 2147483647 20
1 72 1 20
73 91 2147483647 3
1 91 1 3
73 97 2147483647 84
1 97 1 84
73 42 2147483647 59
1 42 1 59
73 8 2147483647 4
1 8 1 4
73 95 2147483647 64
1 95 1 64
73 33 2147483647 2
1 33 1 2
73 37 2147483647 14
1 37 1 14
73 50 2147483647 37
1 50 1 37
73 66 2147483647 21
1 66 1 21
73 55 2147483647 44
1 55 1 44
73 30 2147483647 30
1 30 1 30
73 21 2147483647 29
1 21 1 29
73 6 2147483647 44
1 6 1 44
73 11 2147483647 88
1 11 1 88
73 90 2147483647 82
1 90 1 82
73 96 2147483647 89
1 96 1 89
73 47 2147483647 88
1 47 1 88
73 101 2147483647 84
1 101 1 84
73 22 2147483647 32
1 22 1 32
73 74 2147483647 7
1 74 1 7
73 25 2147483647 74
1 25 1 74
73 24 2147483647 33
1 24 1 33
73 89 2147483647 96
1 89 1 96
73 69 2147483647 38
1 69 1 38
73 58 2147483647 46
1 58 1 46
73 60 2147483647 11
1 60 1 11
73 94 2147483647 63
1 94 1 63
73 93 2147483647 36
1 93 1 36
73 102 30 0
73 2 2147483647 0
74 18 2147483647 57
1 18 1 57
74 34 2147483647 67
1 34 1 67
74 13 2147483647 99
1 13 1 99
74 19 2147483647 49
1 19 1 49
74 44 2147483647 14
1 44 1 14
74 66 2147483647 64
1 66 1 64
74 30 2147483647 55
1 30 1 55
74 37 2147483647 40
1 37 1 40
74 99 2147483647 7
1 99 1 7
74 11 2147483647 60
1 11 1 60
74 38 2147483647 95
1 38 1 95
74 102 11 0
74 2 2147483647 0
75 13 2147483647 71
1 13 1 71
75 29 2147483647 42
1 29 1 42
75 35 2147483647 13
1 35 1 13
75 42 2147483647 7
1 42 1 7
75 6 2147483647 89
1 6 1 89
75 89 2147483647 99
1 89 1 99
75 19 2147483647 42
1 19 1 42
75 99 2147483647 48
1 99 1 48
75 33 2147483647 49
1 33 1 49
75 18 2147483647 47
1 18 1 47
75 34 2147483647 57
1 34 1 57
75 30 2147483647 53
1 30 1 53
75 27 2147483647 94
1 27 1 94
75 50 2147483647 26
1 50 1 26
75 16 2147483647 29
1 16 1 29
75 47 2147483647 67
1 47 1 67
75 98 2147483647 59
1 98 1 59
75 83 2147483647 17
1 83 1 17
75 11 2147483647 27
1 11 1 27
75 38 2147483647 53
1 38 1 53
75 71 2147483647 36
1 71 1 36
75 91 2147483647 98
1 91 1 98
75 46 2147483647 80
1 46 1 80
75 22 2147483647 22
1 22 1 22
75 56 2147483647 11
1 56 1 11
75 74 2147483647 19
1 74 1 19
75 102 26 0
75 2 2147483647 0
76 89 2147483647 29
1 89 1 29
76 19 2147483647 30
1 19 1 30
76 16 2147483647 37
1 16 1 37
76 44 2147483647 31
1 44 1 31
76 56 2147483647 52
1 56 1 52
76 37 2147483647 83
1 37 1 83
76 30 2147483647 63
1 30 1 63
76 71 2147483647 39
1 71 1 39
76 27 2147483647 16
1 27 1 16
76 75 2147483647 87
1 75 1 87
76 90 2147483647 56
1 90 1 56
76 74 2147483647 95
1 74 1 95
76 50 2147483647 8
1 50 1 8
76 47 2147483647 60
1 47 1 60
76 54 2147483647 11
1 54 1 11
76 83 2147483647 70
1 83 1 70
76 29 2147483647 48
1 29 1 48
76 100 2147483647 57
1 100 1 57
76 22 2147483647 55
1 22 1 55
76 34 2147483647 36
1 34 1 36
76 33 2147483647 30
1 33 1 30
76 102 21 0
76 2 2147483647 0
77 94 2147483647 92
1 94 1 92
77 71 2147483647 39
1 71 1 39
77 10 2147483647 81
1 10 1 81
77 27 2147483647 53
1 27 1 53
77 36 2147483647 54
1 36 1 54
77 67 2147483647 64
1 67 1 64
77 96 2147483647 62
1 96 1 62
77 28 2147483647 90
1 28 1 90
77 31 2147483647 25
1 31 1 25
77 24 2147483647 46
1 24 1 46
77 57 2147483647 24
1 57 1 24
77 72 2147483647 96
1 72 1 96
77 101 2147483647 59
1 101 1 59
77 4 2147483647 29
1 4 1 29
77 80 2147483647 88
1 80 1 88
77 100 2147483647 34
1 100 1 34
77 52 2147483647 46
1 52 1 46
77 42 2147483647 16
1 42 1 16
77 21 2147483647 36
1 21 1 36
77 6 2147483647 7
1 6 1 7
77 16 2147483647 66
1 16 1 66
77 30 2147483647 42
1 30 1 42
77 60 2147483647 21
1 60 1 21
77 37 2147483647 39
1 37 1 39
77 15 2147483647 14
1 15 1 14
77 98 2147483647 43
1 98 1 43
77 50 2147483647 73
1 50 1 73
77 7 2147483647 33
1 7 1 33
77 11 2147483647 99
1 11 1 99
77 13 2147483647 1
1 13 1 1
77 102 30 0
77 2 2147483647 0
78 18 2147483647 51
1 18 1 51
78 37 2147483647 44
1 37 1 44
78 19 2147483647 78
1 19 1 78
78 102 3 0
78 2 2147483647 0
79 69 2147483647 74
1 69 1 74
79 98 2147483647 61
1 98 1 61
79 38 2147483647 93
1 38 1 93
79 33 2147483647 31
1 33 1 31
79 54 2147483647 84
1 54 1 84
79 22 2147483647 76
1 22 1 76
79 29 2147483647 30
1 29 1 30
79 66 2147483647 10
1 66 1 10
79 31 2147483647 60
1 31 1 60
79 49 2147483647 10
1 49 1 10
79 47 2147483647 94
1 47 1 94
79 21 2147483647 16
1 21 1 16
79 94 2147483647 82
1 94 1 82
79 57 2147483647 44
1 57 1 44
79 11 2147483647 56
1 11 1 56
79 84 2147483647 40
1 84 1 40
79 85 2147483647 87
1 85 1 87
79 93 2147483647 55
1 93 1 55
79 78 2147483647 79
1 78 1 79
79 95 2147483647 97
1 95 1 97
79 77 2147483647 92
1 77 1 92
79 24 2147483647 22
1 24 1 22
79 4 2147483647 34
1 4 1 34
79 72 2147483647 100
1 72 1 100
79 36 2147483647 65
1 36 1 65
79 34 2147483647 61
1 34 1 61
79 50 2147483647 52
1 50 1 52
79 83 2147483647 81
1 83 1 81
79 68 2147483647 89
1 68 1 89
79 71 2147483647 55
1 71 1 55
79 102 30 0
79 2 2147483647 0
80 46 2147483647 32
1 46 1 32
80 101 2147483647 24
1 101 1 24
80 89 2147483647 75
1 89 1 75
80 30 2147483647 24
1 30 1 24
80 38 2147483647 48
1 38 1 48
80 70 2147483647 59
1 70 1 59
80 96 2147483647 96
1 96 1 96
80 37 2147483647 78
1 37 1 78
80 76 2147483647 80
1 76 1 80
80 13 2147483647 14
1 13 1 14
80 10 2147483647 77
1 10 1 77
80 71 2147483647 50
1 71 1 50
80 66 2147483647 50
1 66 1 50
80 83 2147483647 90
1 83 1 90
80 55 2147483647 78
1 55 1 78
80 54 2147483647 11
1 54 1 11
80 34 2147483647 30
1 34 1 30
80 75 2147483647 71
1 75 1 71
80 90 2147483647 67
1 90 1 67
80 47 2147483647 73
1 47 1 73
80 58 2147483647 62
1 58 1 62
80 99 2147483647 40
1 99 1 40
80 29 2147483647 53
1 29 1 53
80 98 2147483647 56
1 98 1 56
80 102 24 0
80 2 2147483647 0
81 99 2147483647 30
1 99 1 30
81 83 2147483647 2
1 83 1 2
81 38 2147483647 13
1 38 1 13
81 73 2147483647 27
1 73 1 27
81 27 2147483647 8
1 27 1 8
81 77 2147483647 45
1 77 1 45
81 33 2147483647 67
1 33 1 67
81 71 2147483647 83
1 71 1 83
81 55 2147483647 30
1 55 1 30
81 54 2147483647 55
1 54 1 55
81 50 2147483647 83
1 50 1 83
81 53 2147483647 3
1 53 1 3
81 42 2147483647 40
1 42 1 40
81 66 2147483647 55
1 66 1 55
81 18 2147483647 91
1 18 1 91
81 95 2147483647 19
1 95 1 19
81 26 2147483647 53
1 26 1 53
81 3 2147483647 31
1 3 1 31
81 24 2147483647 83
1 24 1 83
81 40 2147483647 86
1 40 1 86
81 22 2147483647 60
1 22 1 60
81 28 2147483647 59
1 28 1 59
81 76 2147483647 38
1 76 1 38
81 69 2147483647 71
1 69 1 71
81 70 2147483647 13
1 70 1 13
81 85 2147483647 83
1 85 1 83
81 98 2147483647 18
1 98 1 18
81 35 2147483647 5
1 35 1 5
81 100 2147483647 98
1 100 1 98
81 67 2147483647 4
1 67 1 4
81 102 30 0
81 2 2147483647 0
82 96 2147483647 81
1 96 1 81
82 34 2147483647 36
1 34 1 36
82 44 2147483647 44
1 44 1 44
82 27 2147483647 34
1 27 1 34
82 66 2147483647 54
1 66 1 54
82 37 2147483647 24
1 37 1 24
82 4 2147483647 97
1 4 1 97
82 54 2147483647 64
1 54 1 64
82 13 2147483647 36
1 13 1 36
82 11 2147483647 37
1 11 1 37
82 99 2147483647 72
1 99 1 72
82 22 2147483647 71
1 22 1 71
82 50 2147483647 43
1 50 1 43
82 102 13 0
82 2 2147483647 0
83 6 2147483647 19
1 6 1 19
83 22 2147483647 96
1 22 1 96
83 30 2147483647 99
1 30 1 99
83 13 2147483647 52
1 13 1 52
83 19 2147483647 1
1 19 1 1
83 89 2147483647 98
1 89 1 98
83 100 2147483647 25
1 100 1 25
83 18 2147483647 99
1 18 1 99
83 4 2147483647 83
1 4 1 83
83 56 2147483647 41
1 56 1 41
83 38 2147483647 99
1 38 1 99
83 46 2147483647 91
1 46 1 91
83 99 2147483647 3
1 99 1 3
83 27 2147483647 60
1 27 1 60
83 34 2147483647 57
1 34 1 57
83 37 2147483647 67
1 37 1 67
83 98 2147483647 59
1 98 1 59
83 102 17 0
83 2 2147483647 0
84 90 2147483647 2
1 90 1 2
84 66 2147483647 23
1 66 1 23
84 44 2147483647 57
1 44 1 57
84 4 2147483647 15
1 4 1 15
84 41 2147483647 4
1 41 1 4
84 22 2147483647 90
1 22 1 90
84 30 2147483647 4
1 30 1 4
84 75 2147483647 48
1 75 1 48
84 54 2147483647 38
1 54 1 38
84 56 2147483647 90
1 56 1 90
84 27 2147483647 6
1 27 1 6
84 89 2147483647 55
1 89 1 55
84 42 2147483647 10
1 42 1 10
84 71 2147483647 5
1 71 1 5
84 33 2147483647 39
1 33 1 39
84 74 2147483647 46
1 74 1 46
84 37 2147483647 34
1 37 1 34
84 46 2147483647 37
1 46 1 37
84 96 2147483647 96
1 96 1 96
84 8 2147483647 6
1 8 1 6
84 11 2147483647 83
1 11 1 83
84 45 2147483647 32
1 45 1 32
84 19 2147483647 3
1 19 1 3
84 76 2147483647 5
1 76 1 5
84 29 2147483647 39
1 29 1 39
84 78 2147483647 99
1 78 1 99
84 102 26 0
84 2 2147483647 0
85 19 2147483647 85
1 19 1 85
85 44 2147483647 40
1 44 1 40
85 30 2147483647 49
1 30 1 49
85 50 2147483647 6
1 50 1 6
85 37 2147483647 43
1 37 1 43
85 78 2147483647 15
1 78 1 15
85 16 2147483647 87
1 16 1 87
85 102 7 0
85 2 2147483647 0
86 79 2147483647 86
1 79 1 86
86 17 2147483647 50
1 17 1 50
86 46 2147483647 29
1 46 1 29
86 97 2147483647 1
1 97 1 1
86 30 2147483647 46
1 30 1 46
86 56 2147483647 61
1 56 1 61
86 101 2147483647 99
1 101 1 99
86 73 2147483647 30
1 73 1 30
86 33 2147483647 74
1 33 1 74
86 91 2147483647 38
1 91 1 38
86 88 2147483647 23
1 88 1 23
86 24 2147483647 21
1 24 1 21
86 55 2147483647 14
1 55 1 14
86 6 2147483647 56
1 6 1 56
86 28 2147483647 71
1 28 1 71
86 84 2147483647 72
1 84 1 72
86 12 2147483647 36
1 12 1 36
86 13 2147483647 72
1 13 1 72
86 10 2147483647 41
1 10 1 41
86 14 2147483647 34
1 14 1 34
86 37 2147483647 13
1 37 1 13
86 77 2147483647 63
1 77 1 63
86 75 2147483647 6
1 75 1 6
86 64 2147483647 42
1 64 1 42
86 90 2147483647 14
1 90 1 14
86 83 2147483647 29
1 83 1 29
86 52 2147483647 35
1 52 1 35
86 44 2147483647 11
1 44 1 11
86 74 2147483647 90
1 74 1 90
86 18 2147483647 23
1 18 1 23
86 102 30 0
86 2 2147483647 0
87 60 2147483647 40
1 60 1 40
87 97 2147483647 72
1 97 1 72
87 85 2147483647 57
1 85 1 57
87 13 2147483647 22
1 13 1 22
87 61 2147483647 60
1 61 1 60
87 50 2147483647 78
1 50 1 78
87 5 2147483647 53
1 5 1 53
87 91 2147483647 5
1 91 1 5
87 59 2147483647 58
1 59 1 58
87 67 2147483647 88
1 67 1 88
87 32 2147483647 17
1 32 1 17
87 101 2147483647 49
1 101 1 49
87 90 2147483647 7
1 90 1 7
87 57 2147483647 70
1 57 1 70
87 38 2147483647 14
1 38 1 14
87 55 2147483647 50
1 55 1 50
87 75 2147483647 99
1 75 1 99
87 68 2147483647 6
1 68 1 6
87 44 2147483647 71
1 44 1 71
87 33 2147483647 46
1 33 1 46
87 74 2147483647 38
1 74 1 38
87 52 2147483647 44
1 52 1 44
87 7 2147483647 21
1 7 1 21
87 24 2147483647 97
1 24 1 97
87 49 2147483647 63
1 49 1 63
87 76 2147483647 80
1 76 1 80
87 99 2147483647 50
1 99 1 50
87 30 2147483647 69
1 30 1 69
87 58 2147483647 77
1 58 1 77
87 20 2147483647 99
1 20 1 99
87 102 30 0
87 2 2147483647 0
88 26 2147483647 71
1 26 1 71
88 20 2147483647 73
1 20 1 73
88 53 2147483647 44
1 53 1 44
88 44 2147483647 57
1 44 1 57
88 82 2147483647 61
1 82 1 61
88 21 2147483647 80
1 21 1 80
88 28 2147483647 16
1 28 1 16
88 49 2147483647 25
1 49 1 25
88 22 2147483647 70
1 22 1 70
88 54 2147483647 40
1 54 1 40
88 57 2147483647 39
1 57 1 39
88 19 2147483647 83
1 19 1 83
88 41 2147483647 80
1 41 1 80
88 6 2147483647 67
1 6 1 67
88 74 2147483647 16
1 74 1 16
88 10 2147483647 75
1 10 1 75
88 61 2147483647 68
1 61 1 68
88 18 2147483647 17
1 18 1 17
88 50 2147483647 98
1 50 1 98
88 40 2147483647 70
1 40 1 70
88 42 2147483647 12
1 42 1 12
88 70 2147483647 38
1 70 1 38
88 90 2147483647 86
1 90 1 86
88 98 2147483647 32
1 98 1 32
88 73 2147483647 30
1 73 1 30
88 34 2147483647 10
1 34 1 10
88 37 2147483647 45
1 37 1 45
88 17 2147483647 28
1 17 1 28
88 56 2147483647 87
1 56 1 87
88 71 2147483647 34
1 71 1 34
88 102 30 0
88 2 2147483647 0
89 13 2147483647 78
1 13 1 78
89 85 2147483647 17
1 85 1 17
89 47 2147483647 99
1 47 1 99
89 46 2147483647 90
1 46 1 90
89 37 2147483647 18
1 37 1 18
89 96 2147483647 68
1 96 1 68
89 71 2147483647 1
1 71 1 1
89 4 2147483647 46
1 4 1 46
89 56 2147483647 41
1 56 1 41
89 91 2147483647 68
1 91 1 68
89 74 2147483647 89
1 74 1 89
89 22 2147483647 45
1 22 1 45
89 45 2147483647 52
1 45 1 52
89 98 2147483647 72
1 98 1 72
89 19 2147483647 58
1 19 1 58
89 30 2147483647 66
1 30 1 66
89 102 16 0
89 2 2147483647 0
90 78 2147483647 62
1 78 1 62
90 13 2147483647 9
1 13 1 9
90 54 2147483647 43
1 54 1 43
90 85 2147483647 66
1 85 1 66
90 22 2147483647 93
1 22 1 93
90 37 2147483647 89
1 37 1 89
90 71 2147483647 25
1 71 1 25
90 82 2147483647 55
1 82 1 55
90 18 2147483647 11
1 18 1 11
90 38 2147483647 65
1 38 1 65
90 74 2147483647 79
1 74 1 79
90 44 2147483647 10
1 44 1 10
90 30 2147483647 18
1 30 1 18
90 19 2147483647 77
1 19 1 77
90 34 2147483647 43
1 34 1 43
90 66 2147483647 27
1 66 1 27
90 102 16 0
90 2 2147483647 0
91 13 2147483647 72
1 13 1 72
91 34 2147483647 18
1 34 1 18
91 16 2147483647 37
1 16 1 37
91 37 2147483647 5
1 37 1 5
91 78 2147483647 29
1 78 1 29
91 102 5 0
91 2 2147483647 0
92 88 2147483647 71
1 88 1 71
92 32 2147483647 33
1 32 1 33
92 45 2147483647 95
1 45 1 95
92 54 2147483647 52
1 54 1 52
92 27 2147483647 61
1 27 1 61
92 34 2147483647 40
1 34 1 40
92 79 2147483647 70
1 79 1 70
92 59 2147483647 45
1 59 1 45
92 24 2147483647 86
1 24 1 86
92 44 2147483647 67
1 44 1 67
92 71 2147483647 90
1 71 1 90
92 100 2147483647 10
1 100 1 10
92 38 2147483647 60
1 38 1 60
92 46 2147483647 79
1 46 1 79
92 86 2147483647 86
1 86 1 86
92 97 2147483647 5
1 97 1 5
92 64 2147483647 59
1 64 1 59
92 56 2147483647 15
1 56 1 15
92 69 2147483647 83
1 69 1 83
92 96 2147483647 99
1 96 1 99
92 58 2147483647 56
1 58 1 56
92 70 2147483647 96
1 70 1 96
92 94 2147483647 90
1 94 1 90
92 73 2147483647 71
1 73 1 71
92 95 2147483647 54
1 95 1 54
92 90 2147483647 76
1 90 1 76
92 52 2147483647 3
1 52 1 3
92 82 2147483647 82
1 82 1 82
92 99 2147483647 72
1 99 1 72
92 57 2147483647 1
1 57 1 1
92 102 30 0
92 2 2147483647 0
93 19 2147483647 9
1 19 1 9
93 71 2147483647 63
1 71 1 63
93 35 2147483647 52
1 35 1 52
93 82 2147483647 62
1 82 1 62
93 96 2147483647 47
1 96 1 47
93 33 2147483647 63
1 33 1 63
93 13 2147483647 12
1 13 1 12
93 42 2147483647 84
1 42 1 84
93 38 2147483647 11
1 38 1 11
93 52 2147483647 13
1 52 1 13
93 84 2147483647 76
1 84 1 76
93 10 2147483647 71
1 10 1 71
93 27 2147483647 39
1 27 1 39
93 20 2147483647 6
1 20 1 6
93 50 2147483647 80
1 50 1 80
93 6 2147483647 99
1 6 1 99
93 101 2147483647 36
1 101 1 36
93 75 2147483647 78
1 75 1 78
93 11 2147483647 76
1 11 1 76
93 16 2147483647 48
1 16 1 48
93 41 2147483647 35
1 41 1 35
93 85 2147483647 86
1 85 1 86
93 55 2147483647 31
1 55 1 31
93 90 2147483647 58
1 90 1 58
93 37 2147483647 47
1 37 1 47
93 54 2147483647 22
1 54 1 22
93 91 2147483647 21
1 91 1 21
93 80 2147483647 61
1 80 1 61
93 25 2147483647 10
1 25 1 10
93 18 2147483647 74
1 18 1 74
93 102 30 0
93 2 2147483647 0
94 93 2147483647 71
1 93 1 71
94 40 2147483647 31
1 40 1 31
94 83 2147483647 83
1 83 1 83
94 71 2147483647 12
1 71 1 12
94 24 2147483647 27
1 24 1 27
94 34 2147483647 66
1 34 1 66
94 50 2147483647 27
1 50 1 27
94 95 2147483647 98
1 95 1 98
94 36 2147483647 81
1 36 1 81
94 15 2147483647 18
1 15 1 18
94 75 2147483647 18
1 75 1 18
94 76 2147483647 50
1 76 1 50
94 37 2147483647 40
1 37 1 40
94 38 2147483647 33
1 38 1 33
94 98 2147483647 73
1 98 1 73
94 56 2147483647 88
1 56 1 88
94 89 2147483647 3
1 89 1 3
94 30 2147483647 47
1 30 1 47
94 28 2147483647 81
1 28 1 81
94 46 2147483647 36
1 46 1 36
94 19 2147483647 5
1 19 1 5
94 26 2147483647 70
1 26 1 70
94 45 2147483647 27
1 45 1 27
94 6 2147483647 72
1 6 1 72
94 52 2147483647 14
1 52 1 14
94 3 2147483647 92
1 3 1 92
94 47 2147483647 57
1 47 1 57
94 90 2147483647 94
1 90 1 94
94 8 2147483647 24
1 8 1 24
94 59 2147483647 71
1 59 1 71
94 102 30 0
94 2 2147483647 0
95 91 2147483647 49
1 91 1 49
95 45 2147483647 78
1 45 1 78
95 46 2147483647 66
1 46 1 66
95 18 2147483647 32
1 18 1 32
95 89 2147483647 75
1 89 1 75
95 83 2147483647 44
1 83 1 44
95 4 2147483647 28
1 4 1 28
95 55 2147483647 99
1 55 1 99
95 47 2147483647 94
1 47 1 94
95 75 2147483647 16
1 75 1 16
95 98 2147483647 88
1 98 1 88
95 27 2147483647 78
1 27 1 78
95 52 2147483647 17
1 52 1 17
95 38 2147483647 50
1 38 1 50
95 35 2147483647 12
1 35 1 12
95 22 2147483647 76
1 22 1 76
95 78 2147483647 81
1 78 1 81
95 11 2147483647 57
1 11 1 57
95 25 2147483647 17
1 25 1 17
95 29 2147483647 43
1 29 1 43
95 16 2147483647 53
1 16 1 53
95 56 2147483647 63
1 56 1 63
95 96 2147483647 81
1 96 1 81
95 5 2147483647 57
1 5 1 57
95 84 2147483647 55
1 84 1 55
95 85 2147483647 75
1 85 1 75
95 13 2147483647 94
1 13 1 94
95 6 2147483647 95
1 6 1 95
95 100 2147483647 44
1 100 1 44
95 102 29 0
95 2 2147483647 0
96 16 2147483647 28
1 16 1 28
96 66 2147483647 67
1 66 1 67
96 27 2147483647 65
1 27 1 65
96 38 2147483647 43
1 38 1 43
96 37 2147483647 93
1 37 1 93
96 19 2147483647 22
1 19 1 22
96 78 2147483647 23
1 78 1 23
96 30 2147483647 82
1 30 1 82
96 91 2147483647 80
1 91 1 80
96 22 2147483647 80
1 22 1 80
96 18 2147483647 28
1 18 1 28
96 102 11 0
96 2 2147483647 0
97 80 2147483647 100
1 80 1 100
97 34 2147483647 7
1 34 1 7
97 74 2147483647 69
1 74 1 69
97 27 2147483647 26
1 27 1 26
97 30 2147483647 67
1 30 1 67
97 101 2147483647 15
1 101 1 15
97 99 2147483647 99
1 99 1 99
97 33 2147483647 1
1 33 1 1
97 56 2147483647 60
1 56 1 60
97 93 2147483647 9
1 93 1 9
97 78 2147483647 71
1 78 1 71
97 91 2147483647 70
1 91 1 70
97 85 2147483647 8
1 85 1 8
97 35 2147483647 83
1 35 1 83
97 6 2147483647 20
1 6 1 20
97 25 2147483647 58
1 25 1 58
97 19 2147483647 74
1 19 1 74
97 55 2147483647 19
1 55 1 19
97 38 2147483647 98
1 38 1 98
97 84 2147483647 44
1 84 1 44
97 58 2147483647 45
1 58 1 45
97 82 2147483647 22
1 82 1 22
97 11 2147483647 55
1 11 1 55
97 76 2147483647 11
1 76 1 11
97 22 2147483647 36
1 22 1 36
97 89 2147483647 85
1 89 1 85
97 10 2147483647 65
1 10 1 65
97 70 2147483647 25
1 70 1 25
97 90 2147483647 96
1 90 1 96
97 44 2147483647 50
1 44 1 50
97 102 30 0
97 2 2147483647 0
98 102 0 0
98 2 2147483647 0
99 18 2147483647 64
1 18 1 64
99 34 2147483647 99
1 34 1 99
99 30 2147483647 25
1 30 1 25
99 44 2147483647 82
1 44 1 82
99 66 2147483647 5
1 66 1 5
99 13 2147483647 2
1 13 1 2
99 78 2147483647 88
1 78 1 88
99 85 2147483647 7
1 85 1 7
99 11 2147483647 99
1 11 1 99
99 16 2147483647 38
1 16 1 38
99 19 2147483647 5
1 19 1 5
99 102 11 0
99 2 2147483647 0
100 11 2147483647 53
1 11 1 53
100 91 2147483647 64
1 91 1 64
100 19 2147483647 94
1 19 1 94
100 66 2147483647 38
1 66 1 38
100 78 2147483647 42
1 78 1 42
100 13 2147483647 13
1 13 1 13
100 98 2147483647 58
1 98 1 58
100 37 2147483647 76
1 37 1 76
100 44 2147483647 41
1 44 1 41
100 74 2147483647 22
1 74 1 22
100 18 2147483647 99
1 18 1 99
100 56 2147483647 52
1 56 1 52
100 54 2147483647 14
1 54 1 14
100 34 2147483647 64
1 34 1 64
100 38 2147483647 46
1 38 1 46
100 4 2147483647 50
1 4 1 50
100 90 2147483647 7
1 90 1 7
100 50 2147483647 66
1 50 1 66
100 99 2147483647 15
1 99 1 15
100 96 2147483647 23
1 96 1 23
100 102 20 0
100 2 2147483647 0
101 19 2147483647 47
1 19 1 47
101 22 2147483647 71
1 22 1 71
101 46 2147483647 57
1 46 1 57
101 16 2147483647 27
1 16 1 27
101 66 2147483647 58
1 66 1 58
101 6 2147483647 18
1 6 1 18
101 83 2147483647 41
1 83 1 41
101 27 2147483647 82
1 27 1 82
101 71 2147483647 60
1 71 1 60
101 91 2147483647 36
1 91 1 36
101 30 2147483647 38
1 30 1 38
101 34 2147483647 9
1 34 1 9
101 45 2147483647 88
1 45 1 88
101 89 2147483647 71
1 89 1 71
101 38 2147483647 45
1 38 1 45
101 47 2147483647 84
1 47 1 84
101 44 2147483647 8
1 44 1 8
101 4 2147483647 80
1 4 1 80
101 102 18 0
101 2 2147483647 0
