27 169
2 15 2147483647 24
1 15 1 24
2 19 2147483647 96
1 19 1 96
2 12 2147483647 49
1 12 1 49
2 13 2147483647 75
1 13 1 75
2 24 2147483647 2
1 24 1 2
2 27 5 0
3 27 0 0
3 2 2147483647 0
4 11 2147483647 99
1 11 1 99
4 3 2147483647 85
1 3 1 85
4 27 2 0
4 2 2147483647 0
5 27 0 0
5 2 2147483647 0
6 9 2147483647 57
1 9 1 57
6 26 2147483647 2
1 26 1 2
6 27 2 0
6 2 2147483647 0
7 5 2147483647 43
1 5 1 43
7 17 2147483647 25
1 17 1 25
7 14 2147483647 77
1 14 1 77
7 27 3 0
7 2 2147483647 0
8 11 2147483647 45
1 11 1 45
8 7 2147483647 93
1 7 1 93
8 4 2147483647 76
1 4 1 76
8 25 2147483647 97
1 25 1 97
8 27 4 0
8 2 2147483647 0
9 27 0 0
9 2 2147483647 0
10 26 2147483647 79
1 26 1 79
10 17 2147483647 42
1 17 1 42
10 12 2147483647 83
1 12 1 83
10 27 3 0
10 2 2147483647 0
11 6 2147483647 28
1 6 1 28
11 21 2147483647 31
1 21 1 31
11 27 2 0
11 2 2147483647 0
12 27 0 0
12 2 2147483647 0
13 20 2147483647 53
1 20 1 53
13 21 2147483647 18
1 21 1 18
13 9 2147483647 36
1 9 1 36
13 27 3 0
13 2 2147483647 0
14 9 2147483647 20
1 9 1 20
14 27 1 0
14 2 2147483647 0
15 8 2147483647 70
1 8 1 70
15 23 2147483647 51
1 23 1 51
15 25 2147483647 1
1 25 1 1
15 18 2147483647 59
1 18 1 59
15 14 2147483647 40
1 14 1 40
15 27 5 0
15 2 2147483647 0
16 3 2147483647 95
1 3 1 95
16 9 2147483647 28
1 9 1 28
16 22 2147483647 94
1 22 1 94
16 27 3 0
16 2 2147483647 0
17 13 2147483647 23
1 13 1 23
17 20 2147483647 15
1 20 1 15
17 27 2 0
17 2 2147483647 0
18 16 2147483647 6
1 16 1 6
18 10 2147483647 57
1 10 1 57
18 14 2147483647 100
1 14 1 100
18 21 2147483647 51
1 21 1 51
18 13 2147483647 30
1 13 1 30
18 27 5 0
18 2 2147483647 0
19 4 2147483647 40
1 4 1 40
19 26 2147483647 22
1 26 1 22
19 27 2 0
19 2 2147483647 0
20 27 0 0
20 2 2147483647 0
21 27 0 0
21 2 2147483647 0
22 12 2147483647 62
1 12 1 62
22 14 2147483647 5
1 14 1 5
22 10 2147483647 16
1 10 1 16
22 26 2147483647 80
1 26 1 80
22 9 2147483647 70
1 9 1 70
22 27 5 0
22 2 2147483647 0
23 22 2147483647 18
1 22 1 18
23 19 2147483647 2
1 19 1 2
23 7 2147483647 20
1 7 1 20
23 21 2147483647 46
1 21 1 46
23 27 4 0
23 2 2147483647 0
24 7 2147483647 30
1 7 1 30
24 13 2147483647 37
1 13 1 37
24 18 2147483647 81
1 18 1 81
24 11 2147483647 76
1 11 1 76
24 27 4 0
24 2 2147483647 0
25 24 2147483647 25
1 24 1 25
25 17 2147483647 70
1 17 1 70
25 10 2147483647 55
1 10 1 55
25 19 2147483647 40
1 19 1 40
25 11 2147483647 72
1 11 1 72
25 27 5 0
25 2 2147483647 0
26 27 0 0
26 2 2147483647 0
