10 20 30
592825914 683651966 -83514864 346916538 712222685 58029286 -220665550 41933328 895669106 -550037444 189047721 -826525043 -7582975 -898079680 227845817 22884024 475781622 -753888940 -286394636 -591704047
-921201975 -863111311 798587580 21568012 944902179 448280204 -852337808 -617536155 -625340933 373993607 895561400 499799538 -840994514 -886817226 -27840903 502627798 435441997 118631842 -621338442 -232484976
239744760 109635484 252258299 -715749314 -816771843 -444083627 -629950016 -145979109 935234725 -76352038 -626238645 -196592202 325813732 -193250230 -732108251 -169821841 364064934 618049086 -871294539 719689055
-741133809 9200348 872112829 720375926 884892091 -526405879 -330988691 641484466 -942785641 -143292731 647892632 -767600393 -761214150 305092963 -148581911 948704882 552569608 -419259970 -736409842 78802513
388057395 -875791679 -732065859 79545714 -909918995 90803586 794517612 -262320524 -477324147 460112885 -394427931 -780424091 198729068 799929513 -268526117 -255931264 651034389 -669020408 -872227230 -910667283
-248111448 -805157140 247129653 281348841 604324319 -973857463 -389181600 -987219811 -646138242 974988724 -821162159 250333116 -558948563 -545352685 -891167861 707706426 140469193 -357884407 -753414935 -861994918
-485930557 -771994565 -95693950 -315577753 -419195923 -665972961 119285639 -615856563 -690815444 -950590923 690042874 940940437 366358231 -827780691 888935493 -481383681 546531593 -524175637 470730588 872068414
320638042 593954276 -514175030 -929338111 -62015216 -561420495 -6829847 -286352995 -603090291 421106484 -188076545 -122600409 68230352 -661055565 805330797 -899820254 788225147 -445474030 -1664383 -820958127
909279378 576129523 -226022891 908430740 -808464576 891897869 -159216461 -955906073 -911543540 -52670676 -630794182 -792213806 -439072235 918185053 -198190085 -930182617 -938674035 -661512593 203447945 -517860652
758294627 70344194 -901068744 257253375 320320036 265209754 998726689 -240355168 -232754292 50333866 -627173492 -276813672 -737805928 934218943 397559637 754472530 -179169051 151222965 -710371800 -738669772
449510560 -874758351 251427188 287649314 -440335386 -753631556 783177521 729609839 278967352 -65215277 191978443 -186780854 -913142135 404869108 -614828822 -692760858 -573105527 944822014 -803953940 -702493931 554601069 17989371 -773291230 -448976391 -943488792 -105410386 65649370 -703477011 978826013 -175385202
658708539 -821793776 47969353 -991943383 -396503014 -617097371 322798401 852533446 469474767 357278839 -590549889 -331117604 936516303 -834359819 692319775 159740610 -848421104 -384293821 630528262 478886631 741391465 -716525206 256159873 -184619988 -500231716 350372172 -9675918 -431141437 772614353 -935657312
-940190850 175718310 178972576 -104882887 -742640736 -449179435 86478480 729113759 271397246 623029387 589212894 358715346 -818807646 -42292702 135379817 -926383806 -477587746 -969977627 -81697824 -865648830 -279710627 -238572966 331624275 -536687002 -504289408 -549225499 802476056 -277495214 619648835 -48867532
138525122 666363602 -126248190 -655703319 -830245025 -495557619 347501282 296790523 560819092 -274363397 743610930 -320818612 -263993841 442666796 651128596 -236691245 579861855 810383011 356679241 -65011010 935385585 -110806130 -983254280 -975718094 306650969 196288343 307415028 265041126 882220004 835606624
-727672718 -887671226 -123090011 -587653160 -636646576 850171334 -804933444 -443110193 566218416 -656031026 -765889707 -38212598 173861957 -824058317 -559218314 49692892 -507406732 296358947 -671806795 250968900 410426648 -398184794 -187331436 -352229270 351243811 831427708 888440702 616526018 -595253306 351590577
-175674991 770123831 216644547 994366119 800871229 678902045 332026590 382044294 -253790259 -370923756 -468999096 -786490626 639610314 697400010 890687488 -13437038 648482242 411058741 520470430 155591324 -21391382 -657184789 97056941 211050694 -803607135 236105292 821916831 -975831957 -806487024 385787106
194017227 263645519 747804102 342625294 -242237995 -760170731 984863068 -945890752 -921775559 447694769 152731254 29248936 94049038 602566751 -430569269 538105686 979455956 -577508235 -559944638 14525562 -419477755 -997374179 -376520596 358964703 -330183803 552079808 296877593 805267381 810409135 171243454
481524123 -895508959 867329691 900600530 253644572 -225571533 178614386 -961667482 -104572950 686984481 55480305 327183327 -940759523 -497602070 -875674904 667417500 -292649328 572463297 -350290533 -524807394 -14200306 254772030 -743665213 -53391130 892591935 -374892798 78195113 -286289932 -253425920 943127167
-572670396 259567623 613237519 -636837614 -163852307 -206927545 -462096254 502937703 -917296164 -856071040 -88265186 -186090963 -883729779 952464068 -960621199 -946615414 -721117192 -535540438 -905344334 -896963187 -61901436 353095702 794875014 -858649819 214542076 745648101 730234623 879484800 -873330591 -28933433
-845187016 984192797 924511807 536758977 958565372 202885078 117366366 -834923650 38544894 334901168 924138745 -70980837 878596515 632424454 -970517741 752293480 -271700648 -269998260 -545108223 716830680 -387208549 540186406 -233123448 988668160 854750967 -198932703 -696433903 158443345 541753051 -322709276
-713300245 -515138338 94241266 -10429903 440390474 -282519255 301248642 -960982077 337806739 109343360 -539801468 192841057 -911899325 891856650 -715176391 854245840 611235886 148989098 -778960306 -618775297 -858302641 147083599 -72515056 899716348 777213511 532915392 885858807 -126383067 -721543312 250422051
578401210 465235377 743096233 -468259621 -6669036 325117586 -906922840 491705933 -842769149 -947365419 317548417 1650025 158525139 -647303271 -652454148 436746679 508579453 -448213241 373755172 511643409 -833101376 889280354 676049838 -345466885 958100936 199064801 807187414 248375918 913583809 713634972
380483079 199315760 -116639569 -468563397 -847902685 492964514 -940860941 -167707588 -673435483 247124752 -78516478 283610181 -177706447 225256549 -997132216 -370241692 499714002 364307606 201651711 -722141186 -954309876 -344467336 -154325190 975917551 26229954 -707774495 -374303642 877478229 594843883 -575146920
-601586178 798923037 -370152794 78054326 -459217550 121151661 -866200586 -554754050 -6633811 -705389201 -401301374 -718611411 540394526 618296678 586538309 785445804 -256339717 -59025702 -333205929 -878189186 665467813 -898604606 -184540119 -179511316 857487542 487797374 -581552317 -863778565 336847156 148317259
-891988409 -113793698 418461278 -910225814 -942919275 -385940759 -728155104 328361118 -459798813 589185153 466890664 382092375 -279154692 682551445 149240933 -412549246 -302050239 939442879 812814840 -772362704 260530645 -306862832 187928127 -493989055 736853497 391666370 50283108 522926753 664434064 -240219093
-203271740 326001171 345422942 -100506457 -160030756 -522454797 -817407252 529282542 -421852003 -961783946 418452586 -227634711 -110322559 566750049 697098809 571494558 252685480 159677446 254125668 -639713615 987133625 215566432 -776286251 388568804 -33203971 714339678 -227893918 141123967 -264748531 -212695685
622001789 -475260779 -248184930 205305032 -454012915 822339606 -574469895 573692129 961064189 -715547524 337047636 593603553 -693738299 766378049 -907342352 -498551957 158757389 -333862644 -509324698 130669784 829963963 493625670 229274629 969539886 -140081593 -99359003 690301438 20799009 659519106 226534680
830460852 463894944 -86755864 -24801778 -573555913 199829465 -384131634 147006121 685995749 -667925787 105831956 58013272 -287313940 -922503572 -379299753 459863836 860370520 248935107 712854111 356719301 780421708 -377066627 662747175 -267432521 -288214773 993610761 51192871 -92907276 308978793 -544405817
-137519612 670972224 874122161 -720813315 -792831868 -76256644 117618462 675407614 554531693 578769063 -161874602 -935008166 305162126 -28223777 -80968336 -710685755 798918717 -841312024 -484055111 -563071357 -543110585 442490544 844914717 -605309600 -367281632 219844290 -529810106 342966749 588845065 754290859
126907558 -954755174 -533817626 979706655 417635489 760552637 945894650 906980328 -396038110 -51128684 -470447200 837273353 -116816788 -720627794 -108070233 -661647203 -912830978 483678160 -142264545 171261223 -722189990 474120015 -309725426 -388720406 424878067 261730926 752684223 -239532307 -423190929 -365918816
