500 1 1
-595496628
764383389
51144703
261727609
563883830
-997662931
719885780
-537681667
923421723
741891991
769374554
-856942230
-65449016
867875856
-182991493
321285826
-619326052
-547717926
477616124
-771321137
-832056681
-239708384
916743646
873764194
-955663940
923439890
-746657735
53950992
658992398
-64801095
148367634
-185683380
12529727
-102338492
-27683903
316694072
397561238
-710762904
-494048782
843119232
-568941499
-902656748
189710202
-934083329
-71176820
269544230
93068050
70358830
518271362
655154149
644485339
-938922987
-177340714
881901435
57041892
276840618
-390242916
853411440
-696472575
-382478392
602975442
-719466032
782822385
-134294382
-191602339
-676498107
528305037
301162706
704309943
62259493
947328477
-206021537
336962583
226566094
-839380769
-411317435
-102311525
-725453334
195125507
272098570
-295578654
-676265240
556113286
946233063
-346582050
903153379
257162113
-536326440
917294417
-824292989
220904565
-512204351
323720395
497177466
126036495
-910377630
-174248687
-698762186
874328680
-812734215
-727438304
-811197756
41071204
-129681243
-807981629
-116514908
582006487
292436261
-635124653
-156124331
878600719
-656339412
-4937856
-940527821
655242681
-333112414
476925330
-980245033
-154477547
-234614214
781911895
-124607951
-116105736
-362831134
-363539442
551466565
-988823982
-25087872
-219598864
421299312
-973584113
276072276
731348689
-618867025
-770714641
-357329199
981557365
-162605225
359782534
-721841043
403973967
-114619430
-801678412
-911843323
326854624
141680919
975004458
-996515413
-117697746
-996089429
-177831152
978002444
-547469687
560667298
151181920
-481871312
707303423
-829695655
-931855807
137300716
130087945
-933963382
818271715
-232452027
-562231508
662228395
-679831744
263194164
-978141166
-609229645
-12900944
-227215206
-652702406
17552005
-13314692
567847715
854490785
-348030173
817284825
188843196
82181126
-859847657
423413616
583040857
657531799
149591353
413956233
58793750
2050296
-456421393
-494946462
-876628280
129266831
31943110
-476005789
897040024
643680229
987466073
796089826
-648564090
485869799
-554080285
-177147790
-257027817
741101342
621839592
126162481
-293518743
547067870
589538106
521165645
-613007555
718097573
-956013075
28935095
266004416
628932084
365398443
575978371
-188896544
805579717
-184602205
-630173221
517759264
254701347
405620878
544635863
-771313463
880386284
-740224636
-101498537
-668844655
-952136196
964843415
160459810
-391596890
395080716
603624756
169829504
987564512
-459782578
959857224
-755870498
-912019910
379388848
819622662
371661459
47464558
-795451041
-527456015
539285479
-133823106
68459844
-522012806
-583083484
917722689
102719738
939674513
306330282
219825563
-743588256
171341543
-737403493
733713023
40431237
929614251
378136523
921315046
828883419
244208828
486804690
184536171
-143693629
-935449525
701668806
-46007710
449328817
888138365
-230405648
-394026150
-956844513
-476285290
-840721014
-872076528
-274953893
-103559381
243172003
-491914745
215764255
480885124
-487739929
480155084
-521835441
-194695540
-997817824
-408818538
-437469804
786689382
873555928
306173467
283166335
17600110
102394810
250067520
276270992
-718955507
-494316276
212074580
-829656357
-631345379
133300317
932228039
171597326
-145391513
366846168
130592686
118753775
980759631
-211612094
53066135
-804704184
279836214
-31961849
26819316
-212975714
-540511855
290161682
-912524981
123727096
526689836
-721505462
151088937
740492011
-329246024
659920014
-811052711
-654495809
-701812691
630140865
-175462509
-882166411
-76740662
-349122419
-862820709
250696507
179579133
-16269313
884764924
-441095065
-888571709
37259182
-152567651
157546688
10179614
-218818838
-473472702
-13179826
4201843
845420029
199641130
131117267
214371789
373155148
-675486395
432198076
40353216
266467333
466695495
773886369
866160838
-622500680
840750301
-761436416
159539393
325249145
-956015086
-699552196
-657339166
119329896
287155061
631217535
-107877087
757409381
-930530011
-132532860
487111548
874342988
-648437076
408813170
542886175
782912693
-259335000
-827842443
536938354
565586
670109979
190158990
-597489110
-388037148
242222127
-318714484
735865390
303558275
-321410972
292026572
747239749
779253693
623468121
699275319
-387630870
212998222
952273017
494118144
653100559
-516936223
354711022
-670754723
-369769529
311414033
30203936
545482973
261473448
97709822
-936143003
436060245
559874773
112866373
352241073
423530622
949828550
982087569
821422970
725418001
305324237
-249119604
-967500097
-143476266
-274650888
899840464
94984852
-534784432
-717229642
-638787191
-540425600
373063085
512969545
61450489
599260423
-167722265
-890973449
756749528
150630590
549932157
701283528
522423613
-260673807
77007666
-50767352
131676000
808543333
312182164
968169745
-709240578
281663445
-243226081
744348190
676675240
976425184
715879197
-200528060
-650720623
494913245
125182324
987052938
-130020846
-493238272
35305777
135026942
-150940839
458174232
446688243
434906368
544887271
397175650
258257780
-473828500
-57066328
203909798
-294363596
-593536723
-136466721
420001446
-824732629
-373668416
907431101
521323793
-605669247
301611150
974988408
414356912
392137381
