12 49
2 10 2147483647 5
1 10 1 5
2 5 2147483647 50
1 5 1 50
2 9 2147483647 8
1 9 1 8
2 8 2147483647 47
1 8 1 47
2 11 2147483647 17
1 11 1 17
2 12 5 0
3 12 0 0
3 2 2147483647 0
4 6 2147483647 18
1 6 1 18
4 11 2147483647 12
1 11 1 12
4 9 2147483647 14
1 9 1 14
4 12 3 0
4 2 2147483647 0
5 11 2147483647 46
1 11 1 46
5 12 1 0
5 2 2147483647 0
6 12 0 0
6 2 2147483647 0
7 12 0 0
7 2 2147483647 0
8 3 2147483647 31
1 3 1 31
8 12 1 0
8 2 2147483647 0
9 7 2147483647 31
1 7 1 31
9 8 2147483647 37
1 8 1 37
9 12 2 0
9 2 2147483647 0
10 4 2147483647 24
1 4 1 24
10 9 2147483647 28
1 9 1 28
10 12 2 0
10 2 2147483647 0
11 7 2147483647 5
1 7 1 5
11 12 1 0
11 2 2147483647 0
